sieve choosen 383
number of total trys 5877
1.7015484090522375% Erfolgsquote 
1	73764824043743802370701377018549325368099956477383772872581525322581765723113381850850391129867025082476726552333565749974513948439253639216648336871295526071
1	105378320062491146243859110026499036240142794967691104103687893317973951033019116929786273042667178689252466503333665357106448497770362341738069052674859946461
1	42809942525387028161567763448265233472558010455624511042123206660426917607164016252725673423583541342508814516979301551324494702219209701331090552648809545127
1	7244759504296266304265313814321808741509817154028763407128542665610709133520064288922806271683368534886107072104189493301068334221712410994492247374384988577
1	57958076034370130434122510514574469932078537232230107257028341324885673068160514311382450173466948279088856576833515946408546673773699287955937978974568008257
1	44785786026558737153640121761262090402060687861268719244067354660138929189033124695159166043133550942932298263916807776770240611552403995238679347386720209827
1	129088442076551654148727409782461319394174923835421602527017669314518090015448418238988184477267293894334271466583740062455399409768693868629134589525944114799
1	104719705562100576579834990588833417263641902499143034703039843984736613839062747448975108836150508822444638587687829948624533194659297577102206121093893253461
1	73106209543353232706677257580883706391599064008835703471933475989344428529157012370039226923350355215668898636687730341492598645328188874580785405295810809151
1	127112598575379945156655051469464462464672246429777394325073521314806078433579309796554691857717284293910787719646233837009653500435499574721545794786519625749
1	27661809016403925889013016381955997013037483679018914827218071995968162146167518194068896673700134405928772457125087156240442730664720114706243126331003946737
1	108671392564443994563979707214827131122647257310431451106928139984160637002800964333842094075250528023291606081562842399516025013325686164917383710571294779707
1	107354163563662855235931468339495893169645472373335312305632041317685962614888225372219765662217188289675950250271171582552194407103556635645657847413946421349
1	8561988505077405632313552689653046694511602091124902208424641332085383521432803250545134684716708268501762903395860310264898940443841940266218110530074824133
1	82985427049211777667039049145867991039112451037056744481654215987904486438502554582206690021100403217786317371375261468721328191994160344118729378979083874447
1	131064285577723363140799768095458176323677601241065810728961817314230101597317526681421677096817303494757755213521246287901145319101888162536723384261613249493
1	116574766569130830532269140466814558840657966933008283914704731983008683330277398103576064553450566424985541069312867301299008650658463340547738889519984996427
1	42809942525387028161567763448265233472558010455624511042123206660426917607164016252725673423583541342508814516979301551324494702219209701331090552648198988703
1	127112598575379945156655051469464462464672246429777394325073521314806078433579309796554691857717284293910787719646233837009653500435499574721545794786076045863
1	94840488056242031619473199023849132616128515470921993693319103986176555929717205236807645738400460820327219853000298821395803647993326107564262147408746243577
1	38199641022653040513398927384605900637051763175788025237586861327765557249469429887047523977966852274854019107458453691951087580441756348880050031595910491121
1	32272110519137913537181852445615329848543730958855400631754417328629522503862104559747046119316823473583567866645935015613849852442173467157283647382014494957
1	124478140573817666500558573718801986558668676555585116722481323981856729657753831873310035031650604826679476057062892203081992287991240516178094068472512375813
1	65861450039056966402411943766561897650089246854806940064804933323733719395636948081116420651666986680782791564583540848191530311106476463586293157922058559629
1	11855061007030253952434149877981141577016064433865249211664887998272069491214650654600955717300057602540902481625037352674475455999165763445532768429186669603
1	21734278512888798912795941442965426224529451462086290221385627996832127400560192866768418815050105604658321216312568479903205002665137232983476742115926536919
1	129747056576942223812751529220126938370675816303969671927665718647755427209404787719799348683783963761142099382229575470937314712879758633264997521105528498229
1	108671392564443994563979707214827131122647257310431451106928139984160637002800964333842094075250528023291606081562842399516025013325686164917383710571354387827
1	50054702029683294465833077262587042214067827609653274449251749326037626740684080541648479695266909877394921589083491044625563036440922112325582800019960891953
1	7244759504296266304265313814321808741509817154028763407128542665610709133520064288922806271683368534886107072104189493301068334221712410994492247374820862197
1	21075664012498229248771822005299807248028558993538220820737578663594790206603823385957254608533435737850493300666733071421289699554072468347613810539055560089
1	119867839071083678852389737655142653723162429275748630917944978649195369300059245507631885586033915759024680647542044343708585166213787163727053547416239325379
1	100768018559757158595690273962839703404636547687854618299151547985312590675324530564108123597050489621597671093812817497733041375992908989287028531621623151933
1	58616690534760700098146629952240088908579429700778176657676390658123010262116883792193614379983618145896684492479351354890461976884764052591800910552544785883
1	133698743579285641796896245846120652229681171115258088331554014647179450373143004604666333922883982961989066876104587921828806531546147221080175110580695240661
1	107354163563662855235931468339495893169645472373335312305632041317685962614888225372219765662217188289675950250271171582552194407103556635645657847412437823103
1	85619885050774056323135526896530466945116020911249022084246413320853835214328032505451346847167082685017629033958603102648989404438419402662181105298576212369
1	51371931030464433793881316137918280167069612546749413250547847992512301128596819503270808108300249611010577420375161861589393642663051641597308663182380652791
1	129088442076551654148727409782461319394174923835421602527017669314518090015448418238988184477267293894334271466583740062455399409768693868629134589527371457239
1	44127171526168167489616002323596471425559795392720649843419305326901591995076755214348001836616881076124470348270972368288325308441339230602816415807971133699
1	106695549063272285571907348901830274193144579904787242904983991984448625420931855891408601455700518422868122334625336174070279103992491871009794915833246254399
1	65202835538666396738387824328896278673588354386258870664156883990496382201680578600305256445150316813974963648937705439709615007995411698950430226342206563223
1	19099820511326520256699463692302950318525881587894012618793430663882778624734714943523761988983426137427009553729226845975543790220878174440025015801837069879
1	23051507513669938240844180318296664177531236399182429022681726663306801788472931828390747228083445338273977047604239296867035608887266762255202605275496554077
1	109330007064834564228003826652492750099148149778979520507576189317397974196757333814653258281767197890099433997208677807997940316436750929553246642151158352073
1	106036934562881715907883229464164655216643687436239173504335942651211288226975486410597437249183848556060294418979500765588363800881427106373931984252981861513
1	135015972580066781124944484721451890182682956052354227132850113313654124761055743566288662335917322695604722707396258738792637137768276750351900973739757021903
1	115257537568349691204220901591483320887656181995912145113408633316534008942364659141953736140417226691369885238021196484335178044436333811276013026360571549563
1	131064285577723363140799768095458176323677601241065810728961817314230101597317526681421677096817303494757755213521246287901145319101888162536723384262552503757
1	108012778064053424899955587777161512146146364841883381706280090650923299808844594853030929868733858156483778165917006991034109710214621400281520778989795700123
1	130405671077332793476775648657792557347176708772517741328313767980992764403361157200610512890300633627949927297875410879419230015990823397900860452686565853039
1	49396087529292724801808957824921423237566935141105205048603699992800289546727711060837315488750240010587093673437655636143647733329857347689719868443370236151
1	67837293540228675394484302079558754579591924260451148266749081323445730977506056523549913271216996281206275311521047073637276220439670757493881952659566287747
1	52030545530855003457905435575583899143570505015297482651195897325749638322553188984081972314816919477818405336020997270071308945774116406233171594761206613351
1	56640847033588991106074271639243231979076752295133968455732242658410998680247775349760121760433608545473200745541845129444716067551569758684212115811298401659
1	57958076034370130434122510514574469932078537232230107257028341324885673068160514311382450173466948279088856576833515946408546673773699287955937978974326645587
1	27003194516013356224988896944290378036536591210470845426570022662730824952211148713257732467183464539120944541479251747758527427553655350070380194752171919941
1	79033740046868359682894332519874277180107096225768328077765919988480463274764337697339704782000384016939349877500249017829836373327771756303551789504852208027
1	102085247560538297923738512838170941357638332624950757100447646651787265063237269525730452010083829355213326925104488314696871982215038518558754394776350459331
1	59933919535541839426194868827571326861581214637874315458972489324597684650029622753815942793016957879512340323771022171854292583106893581863526773709308121049
1	45444400526949306817664241198927709378561580329816788644715403993376266382989494175970330249650220809740126179562643185252155914663468759874542278966359061413
1	118550610070302539524341498779811415770160644338652492116648879982720694912146506546009557173000576025409024816250373526744754559991657634455327684258749778147
1	26344580015622786560964777506624759060035698741922776025921973329493487758254779232446568260666794672313116625833416339276612124442590585434517263173969494269
1	50054702029683294465833077262587042214067827609653274449251749326037626740684080541648479695266909877394921589083491044625563036440922112325582800020721764431
1	117233381069521400196293259904480177817158859401556353315352781316246020524233767584387228759967236291793368984958702709780923953769528105183601821097834016981
1	13830904508201962944506508190977998506518741839509457413609035997984081073083759097034448336850067202964386228562543578120221365332360057353121563167906952661
1	9220603005467975296337672127318665671012494559672971609072690665322720715389172731356298891233378135309590819041695718746814243554906704902081042113539776371
1	2634458001562278656096477750662475906003569874192277602592197332949348775825477923244656826066679467231311662583341633927661212444259058543451726321048437529
1	34247954020309622529254210758612186778046408364499608833698565328341534085731213002180538738866833074007051613583441241059595761775367761064872442119966840547
1	67178679039838105730460182641893135603091031791903078866101031990208393783549687042738749064700326414398447395875211665155360917328605992858019021083057439687
1	63226992037494687746315466015899421744085676980614662462212735990784370619811470157871763825600307213551479902000199214263869098662217405042841431606914217487
1	123819526073427096836534454281136367582167784087037047321833274648619392463797462392498870825133934959871648141417056794600076984880175751542231136889784465179
1	17782591510545380928651224816971712365524096650797873817497331997408104236821975981901433575950086403811353722437556029011713183998748645168299152639727016651
1	34906568520700192193278330196277805754547300833047678234346614661578871279687582482991702945383502940814879529229276649541511064886432525700735373700574442777
1	90230186553508043971304362960189799780622268191085507888782758653515195572022618871129496292783771752672424443479450962022396526215872755113221626352934088797
1	122502297072645957508486215405805129629165999149940908520537175982144718075884723430876542412100595226255992310125385977636246378658046222270505273734932491897
1	138309045082019629445065081909779985065187418395094574136090359979840810730837590970344483368500672029643862285625435781202213653323600573531215631635730869803
1	61251148536322978754243107702902564814582999574970454260268587991072359037942361715438271206050297613127996155062692988818123189329023111135252636867617598609
1	104719705562100576579834990588833417263641902499143034703039843984736613839062747448975108836150508822444638587687829948624533194659297577102206121094475094669
1	49396087529292724801808957824921423237566935141105205048603699992800289546727711060837315488750240010587093673437655636143647733329857347689719868444801787441
1	82985427049211777667039049145867991039112451037056744481654215987904486438502554582206690021100403217786317371375261468721328191994160344118729378982753569329
1	94181873555851461955449079586183513639627623002373924292671054652939218735760835755996481531883790953519391937354463412913888344882261342928399215827638806041
1	40834099024215319169495405135268376543055333049980302840179058660714906025294907810292180804033531742085330770041795325878748792886015407423501757911227683619
1	5268916003124557312192955501324951812007139748384555205184394665898697551650955846489313652133358934462623325166683267855322424888518117086903452639549114257
1	72447595042962663042653138143218087415098171540287634071285426656107091335200642889228062716833685348861070721041894933010683342217124109944922473713930176339
1	71788980542572093378629018705552468438597279071739564670637377322869754141244273408416898510317015482053242805396059524528768039106059345309059542136382647211
1	79033740046868359682894332519874277180107096225768328077765919988480463274764337697339704782000384016939349877500249017829836373327771756303551789505215416533
1	128429827576161084484703290344795700417674031366873533126369619981280752821492048758177020270750624027526443550937904653973484106657629103993271657944464300503
1	38199641022653040513398927384605900637051763175788025237586861327765557249469429887047523977966852274854019107458453691951087580441756348880050031597502831787
1	110647236065615703556052065527823988052149934716075659308872287983872648584670072776275586694800537623715089828500348624961770922658880458824972505306652180369
1	121843682572255387844462095968139510652665106681392839119889126648907380881928353950065378205583925359448164394479550569154331075546981457634642342155732665609
1	23710122014060507904868299755962283154032128867730498423329775996544138982429301309201911434600115205081804963250074705348950911998331526891065536853593022697
1	28320423516794495553037135819621615989538376147566984227866121329205499340123887674880060880216804272736600372770922564722358033775784879342106057909648567753
1	6586145003905696640241194376656189765008924685480694006480493332373371939563694808111642065166698668078279156458354084819153031110647646358629315792488264121
1	82985427049211777667039049145867991039112451037056744481654215987904486438502554582206690021100403217786317371375261468721328191994160344118729378981796616207
1	32272110519137913537181852445615329848543730958855400631754417328629522503862104559747046119316823473583567866645935015613849852442173467157283647381698974427
1	54006389032026712449977793888580756073073182420941690853140045325461649904422297426515464934366929078241889082958503495517054855107310700140760389497226071833
1	27661809016403925889013016381955997013037483679018914827218071995968162146167518194068896673700134405928772457125087156240442730664720114706243126332359376621
1	137650430581629059781040962472114366088686525926546504735442310646603473536881221489533319161984002162836034369979600372720298350212535808895352700054332628681
1	136991816081238490117016843034448747112185633457998435334794261313366136342924852008722154955467332296028206454333764964238383047101471044259489768473996658291
