sieve choosen 383
number of total trys 5934
1.6852039096730704% Erfolgsquote 
1	102743862060928867587762632275836560334139225093498826501095695985024602257193639006541616216600499222021154840750323723178787285326103283194617326360568421791
1	98133560558194879939593796212177227498632977813662340696559350652363241899499052640863466770983810154366359431229475863805380163548649930743576805305218368007
1	123819526073427096836534454281136367582167784087037047321833274648619392463797462392498870825133934959871648141417056794600076984880175751542231136894616512477
1	38858255523043610177423046822271519613552655644336094638234910661002894443425799367858688184483522141661847023104289100433002883552821113515912963173031309051
1	1975843501171708992072358312996856929502677405644208201944147999712011581869108442433492619550009600423483746937506225445745909333194293907588794739500777489
1	111964465066396842884100304403155226005151719653171798110168386650347322972582811737897915107833877357330745659792019441925601528881009988096698368467808786647
1	89571572053117474307280243522524180804121375722537438488134709320277858378066249390318332086267101885864596527833615553540481223104807990477358694774773744169
1	44785786026558737153640121761262090402060687861268719244067354660138929189033124695159166043133550942932298263916807776770240611552403995238679347389524394149
1	89571572053117474307280243522524180804121375722537438488134709320277858378066249390318332086267101885864596527833615553540481223104807990477358694773278823913
1	88912957552726904643256124084858561827620483253989369087486659987040521184109879909507167879750432019056768612187780145058565919993743225841495763193221595709
1	124478140573817666500558573718801986558668676555585116722481323981856729657753831873310035031650604826679476057062892203081992287991240516178094068468970495093
1	46761629527730446145712480074258947331563365266912927446011502659850940770902233137592658662683560543355782010854314002215986520885598289146268142125288068271
1	64544221038275827074363704891230659697087461917710801263508834657259045007724209119494092238633646947167135733291870031227699704884346934314567294762240882499
1	36223797521481331521326569071609043707549085770143817035642713328053545667600321444614031358416842674430535360520947466505341671108562054972461236859990348661
1	135674587080457350788968604159117509159183848520902296533498162646891461955012113047099826542433992562412550623042094147274552440879341514987763905318410263697
1	117233381069521400196293259904480177817158859401556353315352781316246020524233767584387228759967236291793368984958702709780923953769528105183601821099930296311
1	105378320062491146243859110026499036240142794967691104103687893317973951033019116929786273042667178689252466503333665357106448497770362341738069052675994931943
1	10537832006249114624385911002649903624014279496769110410368789331797395103301911692978627304266717868925246650333366535710644849777036234173806905271326747969
1	94181873555851461955449079586183513639627623002373924292671054652939218735760835755996481531883790953519391937354463412913888344882261342928399215826333934361
1	51371931030464433793881316137918280167069612546749413250547847992512301128596819503270808108300249611010577420375161861589393642663051641597308663182619800641
1	69154522541009814722532540954889992532593709197547287068045179989920405365418795485172241684250336014821931142812717890601106826661800286765607815816604175917
1	5268916003124557312192955501324951812007139748384555205184394665898697551650955846489313652133358934462623325166683267855322424888518117086903452636058244487
1	119867839071083678852389737655142653723162429275748630917944978649195369300059245507631885586033915759024680647542044343708585166213787163727053547417139022653
1	63226992037494687746315466015899421744085676980614662462212735990784370619811470157871763825600307213551479902000199214263869098662217405042841431605322480927
1	52030545530855003457905435575583899143570505015297482651195897325749638322553188984081972314816919477818405336020997270071308945774116406233171594758313106263
1	128429827576161084484703290344795700417674031366873533126369619981280752821492048758177020270750624027526443550937904653973484106657629103993271657947688336297
1	34247954020309622529254210758612186778046408364499608833698565328341534085731213002180538738866833074007051613583441241059595761775367761064872442124303450379
1	83644041549602347331063168583533610015613343505604813882302265321141823632458924063017854227617073084594145287021096877203243495105225108754592310560199703561
1	63226992037494687746315466015899421744085676980614662462212735990784370619811470157871763825600307213551479902000199214263869098662217405042841431604174536373
1	104719705562100576579834990588833417263641902499143034703039843984736613839062747448975108836150508822444638587687829948624533194659297577102206121096130720721
1	59275305035151269762170749389905707885080322169326246058324439991360347456073253273004778586500288012704512408125186763372377279995828817227663842129374444491
1	116574766569130830532269140466814558840657966933008283914704731983008683330277398103576064553450566424985541069312867301299008650658463340547738889519399626279
1	1975843501171708992072358312996856929502677405644208201944147999712011581869108442433492619550009600423483746937506225445745909333194293907588794741786126681
1	1975843501171708992072358312996856929502677405644208201944147999712011581869108442433492619550009600423483746937506225445745909333194293907588794741861286119
1	67178679039838105730460182641893135603091031791903078866101031990208393783549687042738749064700326414398447395875211665155360917328605992858019021083295312137
1	113940308567568551876172662716152082934654397058816006312112534650059334554451920180331407727383886957754229406729525667371347438214204282004287163204982016343
1	18441206010935950592675344254637331342024989119345943218145381330645441430778345462712597782466756270619181638083391437493628487109813409804162084219912154351
1	52689160031245573121929555013249518120071397483845552051843946658986975516509558464893136521333589344626233251666832678553224248885181170869034526339347446221
1	25027351014841647232916538631293521107033913804826637224625874663018813370342040270824239847633454938697460794541745522312781518220461056162791400012018323973
1	94181873555851461955449079586183513639627623002373924292671054652939218735760835755996481531883790953519391937354463412913888344882261342928399215830042792639
1	100109404059366588931666154525174084428135655219306548898503498652075253481368161083296959390533819754789843178166982089251126072881844224651165600041296515113
1	127771213075770514820679170907130081441173138898325463725721570648043415627535679277365856064233954160718615635292069245491568803546564339357408726368484989267
1	58616690534760700098146629952240088908579429700778176657676390658123010262116883792193614379983618145896684492479351354890461976884764052591800910553028075461
1	17123977010154811264627105379306093389023204182249804416849282664170767042865606501090269369433416537003525806791720620529797880887683880532436221063343320189
1	102743862060928867587762632275836560334139225093498826501095695985024602257193639006541616216600499222021154840750323723178787285326103283194617326358668998453
1	94181873555851461955449079586183513639627623002373924292671054652939218735760835755996481531883790953519391937354463412913888344882261342928399215827441823927
1	51371931030464433793881316137918280167069612546749413250547847992512301128596819503270808108300249611010577420375161861589393642663051641597308663183371393053
1	129088442076551654148727409782461319394174923835421602527017669314518090015448418238988184477267293894334271466583740062455399409768693868629134589524032363803
1	23051507513669938240844180318296664177531236399182429022681726663306801788472931828390747228083445338273977047604239296867035608887266762255202605277000590191
1	106036934562881715907883229464164655216643687436239173504335942651211288226975486410597437249183848556060294418979500765588363800881427106373931984252944535663
1	40834099024215319169495405135268376543055333049980302840179058660714906025294907810292180804033531742085330770041795325878748792886015407423501757911992732153
1	39516870023434179841447166259937138590053548112884164038882959994240231637382168848669852391000192008469674938750124508914918186663885878151775894754262798971
1	63885606537885257410339585453565040720586569449162731862860785324021707813767839638682928032116977080359307817646034622745784401773282169678704363186043211077
1	123819526073427096836534454281136367582167784087037047321833274648619392463797462392498870825133934959871648141417056794600076984880175751542231136891209238841
1	79033740046868359682894332519874277180107096225768328077765919988480463274764337697339704782000384016939349877500249017829836373327771756303551789509368620569
1	95499102556632601283497318461514751592629407939470063093967153319413893123673574717618809944917130687135047768646134229877718951104390872200125078987461010111
1	15148133508983102272554747066309236459520526776605596214905134664458755460996498058656776749883406936580042059854214395084051971554489586624847426327518310069
1	119867839071083678852389737655142653723162429275748630917944978649195369300059245507631885586033915759024680647542044343708585166213787163727053547417604300347
1	82985427049211777667039049145867991039112451037056744481654215987904486438502554582206690021100403217786317371375261468721328191994160344118729378983367222049
1	28979038017185065217061255257287234966039268616115053628514170662442836534080257155691225086733474139544428288416757973204273336886849643977968989488780930583
1	130405671077332793476775648657792557347176708772517741328313767980992764403361157200610512890300633627949927297875410879419230015990823397900860452684723839453
1	88912957552726904643256124084858561827620483253989369087486659987040521184109879909507167879750432019056768612187780145058565919993743225841495763196487769203
1	86937114051555195651183765771861704898117805848345160885542511987328509602240771467073675260200422418633284865250273919612820010660548931933906968457925471307
1	79033740046868359682894332519874277180107096225768328077765919988480463274764337697339704782000384016939349877500249017829836373327771756303551789505296665491
1	28320423516794495553037135819621615989538376147566984227866121329205499340123887674880060880216804272736600372770922564722358033775784879342106057906531243429
1	128429827576161084484703290344795700417674031366873533126369619981280752821492048758177020270750624027526443550937904653973484106657629103993271657947688225961
1	52689160031245573121929555013249518120071397483845552051843946658986975516509558464893136521333589344626233251666832678553224248885181170869034526340774563521
1	2634458001562278656096477750662475906003569874192277602592197332949348775825477923244656826066679467231311662583341633927661212444259058543451726319394593237
1	15148133508983102272554747066309236459520526776605596214905134664458755460996498058656776749883406936580042059854214395084051971554489586624847426323983801559
1	96816331557413740611545557336845989545631192876566201895263251985888567511586313679241138357950470420750703599937805046841549557326520401471850942142790653929
1	34247954020309622529254210758612186778046408364499608833698565328341534085731213002180538738866833074007051613583441241059595761775367761064872442123551630441
1	34247954020309622529254210758612186778046408364499608833698565328341534085731213002180538738866833074007051613583441241059595761775367761064872442121893078027
1	658614500390569664024119437665618976500892468548069400648049333237337193956369480811164206516669866807827915645835408481915303111064764635862931582439930823
1	29637652517575634881085374694952853942540161084663123029162219995680173728036626636502389293250144006352256204062593381686188639997914408613831921067446008733
1	131722900078113932804823887533123795300178493709613880129609866647467438791273896162232841303333973361565583129167081696383060622212952927172586315840802262147
1	109988621565225133892027946090158369075649042247527589908224238650635311390713703295464422488283867756907261912854513216479855619547815694189109573728779921993
1	3951687002343417984144716625993713859005354811288416403888295999424023163738216884866985239100019200846967493875012450891491818666388587815177589479378595377
1	16465362509764241600602985941640474412522311713701735016201233330933429848909237020279105162916746670195697891145885212047882577776619115896573289484145850351
1	55982232533198421442050152201577613002575859826585899055084193325173661486291405868948957553916938678665372829896009720962800764440504994048349184234171725831
1	117233381069521400196293259904480177817158859401556353315352781316246020524233767584387228759967236291793368984958702709780923953769528105183601821100885621859
1	23051507513669938240844180318296664177531236399182429022681726663306801788472931828390747228083445338273977047604239296867035608887266762255202605275497067549
1	82985427049211777667039049145867991039112451037056744481654215987904486438502554582206690021100403217786317371375261468721328191994160344118729378982820175877
1	26344580015622786560964777506624759060035698741922776025921973329493487758254779232446568260666794672313116625833416339276612124442590585434517263171941745079
1	38858255523043610177423046822271519613552655644336094638234910661002894443425799367858688184483522141661847023104289100433002883552821113515912963174332469701
1	3951687002343417984144716625993713859005354811288416403888295999424023163738216884866985239100019200846967493875012450891491818666388587815177589477625984709
1	133040129078895072132872126408455033253180278646710018930905965313942113179186635123855169716367313095181238960458752513346891228435082456444312178999817291041
1	7903374004686835968289433251987427718010709622576832807776591998848046327476433769733970478200038401693934987750024901782983637332777175630355178952908860659
1	16465362509764241600602985941640474412522311713701735016201233330933429848909237020279105162916746670195697891145885212047882577776619115896573289481023602971
1	133040129078895072132872126408455033253180278646710018930905965313942113179186635123855169716367313095181238960458752513346891228435082456444312179002773113273
1	11196446506639684288410030440315522600515171965317179811016838665034732297258281173789791510783387735733074565979201944192560152888100998809669836851125824531
1	55323618032807851778026032763911994026074967358037829654436143991936324292335036388137793347400268811857544914250174312480885461329440229412486252654824360629
1	39516870023434179841447166259937138590053548112884164038882959994240231637382168848669852391000192008469674938750124508914918186663885878151775894754472767027
1	90230186553508043971304362960189799780622268191085507888782758653515195572022618871129496292783771752672424443479450962022396526215872755113221626352195069083
1	27003194516013356224988896944290378036536591210470845426570022662730824952211148713257732467183464539120944541479251747758527427553655350070380194751802584829
1	71788980542572093378629018705552468438597279071739564670637377322869754141244273408416898510317015482053242805396059524528768039106059345309059542134700113981
1	46761629527730446145712480074258947331563365266912927446011502659850940770902233137592658662683560543355782010854314002215986520885598289146268142126984122783
1	22392893013279368576820060880631045201030343930634359622033677330069464594516562347579583021566775471466149131958403888385120305776201997619339673695195473307
1	30954881518356774209133613570284091895541946021759261830458318662154848115949365598124717706283483739967912035354264198650019246220043937885557784222692795343
1	5268916003124557312192955501324951812007139748384555205184394665898697551650955846489313652133358934462623325166683267855322424888518117086903452638247448277
1	121185068071864818180437976530473891676164214212844769719241077315670043687971984469254213999067255492640336478833715160672415772435916692998779410575608982159
