sieve choosen 383
number of total trys 5790
1.7271157167530224% Erfolgsquote 
1	109330007064834564228003826652492750099148149778979520507576189317397974196757333814653258281767197890099433997208677807997940316436750929553246642151527522417
1	42809942525387028161567763448265233472558010455624511042123206660426917607164016252725673423583541342508814516979301551324494702219209701331090552650121393761
1	94181873555851461955449079586183513639627623002373924292671054652939218735760835755996481531883790953519391937354463412913888344882261342928399215827646445077
1	21734278512888798912795941442965426224529451462086290221385627996832127400560192866768418815050105604658321216312568479903205002665137232983476742117109920543
1	55323618032807851778026032763911994026074967358037829654436143991936324292335036388137793347400268811857544914250174312480885461329440229412486252656880827371
1	74423438544134372034725496456214944344600848945931842273229574655819102917069751331661555336383694949284554467979401158456429251550318403852511268455059938151
1	119867839071083678852389737655142653723162429275748630917944978649195369300059245507631885586033915759024680647542044343708585166213787163727053547418548495139
1	13830904508201962944506508190977998506518741839509457413609035997984081073083759097034448336850067202964386228562543578120221365332360057353121563168175365559
1	59933919535541839426194868827571326861581214637874315458972489324597684650029622753815942793016957879512340323771022171854292583106893581863526773709348655699
1	133698743579285641796896245846120652229681171115258088331554014647179450373143004604666333922883982961989066876104587921828806531546147221080175110581705059381
1	34247954020309622529254210758612186778046408364499608833698565328341534085731213002180538738866833074007051613583441241059595761775367761064872442123283771887
1	88912957552726904643256124084858561827620483253989369087486659987040521184109879909507167879750432019056768612187780145058565919993743225841495763196454951539
1	76399282045306081026797854769211801274103526351576050475173722655531114498938859774095047955933704549708038214916907383902175160883512697760100063192777506987
1	17782591510545380928651224816971712365524096650797873817497331997408104236821975981901433575950086403811353722437556029011713183998748645168299152640178230949
1	105378320062491146243859110026499036240142794967691104103687893317973951033019116929786273042667178689252466503333665357106448497770362341738069052673012684219
1	52030545530855003457905435575583899143570505015297482651195897325749638322553188984081972314816919477818405336020997270071308945774116406233171594760539047493
1	89571572053117474307280243522524180804121375722537438488134709320277858378066249390318332086267101885864596527833615553540481223104807990477358694774643852119
1	123160911573036527172510334843470748605666891618488977921185225315382055269841092911687706618617265093063820225771221386118161681769110986906368205310584449009
1	13172290007811393280482388753312379530017849370961388012960986664746743879127389616223284130333397336156558312916708169638306062221295292717258631586511490797
1	40834099024215319169495405135268376543055333049980302840179058660714906025294907810292180804033531742085330770041795325878748792886015407423501757914228224271
1	54006389032026712449977793888580756073073182420941690853140045325461649904422297426515464934366929078241889082958503495517054855107310700140760389495811445259
1	82326812548821208003014929708202372062611558568508675081006166654667149244546185101395525814583733350978489455729426060239412888883095579482866447403498299079
1	129088442076551654148727409782461319394174923835421602527017669314518090015448418238988184477267293894334271466583740062455399409768693868629134589526463369049
1	3951687002343417984144716625993713859005354811288416403888295999424023163738216884866985239100019200846967493875012450891491818666388587815177589477626640377
1	85619885050774056323135526896530466945116020911249022084246413320853835214328032505451346847167082685017629033958603102648989404438419402662181105300024106469
1	41492713524605888833519524572933995519556225518528372240827107993952243219251277291103345010550201608893158685687630734360664095997080172059364689489816728287
1	105378320062491146243859110026499036240142794967691104103687893317973951033019116929786273042667178689252466503333665357106448497770362341738069052676331240161
1	88254343052336334979232004647192942851119590785441299686838610653803183990153510428696003673233762152248940696541944736576650616882678461205632831617267470831
1	86278499551164625987159646334196085921616913379797091484894462654091172408284401986262511053683752551825456949604438511130904707549484167298044036876362085313
1	82985427049211777667039049145867991039112451037056744481654215987904486438502554582206690021100403217786317371375261468721328191994160344118729378983704310239
1	114598923067959121540196782153817701911155289527364075712760583983296671748408289661142571933900556824562057322375361075853262741325269046640150094785057109931
1	84302656049992916995087288021199228992114235974152883282950314654379160826415293543829018434133742951401973202666932285685158798216289873390455242141458269381
1	11196446506639684288410030440315522600515171965317179811016838665034732297258281173789791510783387735733074565979201944192560152888100998809669836850069583673
1	26344580015622786560964777506624759060035698741922776025921973329493487758254779232446568260666794672313116625833416339276612124442590585434517263173968247713
1	47420244028121015809736599511924566308064257735460996846659551993088277964858602618403822869200230410163609926500149410697901823996663053782131073707120197383
1	13830904508201962944506508190977998506518741839509457413609035997984081073083759097034448336850067202964386228562543578120221365332360057353121563167608760597
1	9220603005467975296337672127318665671012494559672971609072690665322720715389172731356298891233378135309590819041695718746814243554906704902081042112876460551
1	87595728551945765315207885209527323874618698316893230286190561320565846796197140947884839466717092285441112780896109328094735313771613696569769900036596792293
1	94181873555851461955449079586183513639627623002373924292671054652939218735760835755996481531883790953519391937354463412913888344882261342928399215830904203739
1	111305850566006273220076184965489607028650827184623728709520337317109985778626442257086750901317207490522917744146184033443686225769945223460835436888070888477
1	25685965515232216896940658068959140083534806273374706625273923996256150564298409751635404054150124805505288710187580930794696821331525820798654331591095504119
1	11855061007030253952434149877981141577016064433865249211664887998272069491214650654600955717300057602540902481625037352674475455999165763445532768430195418583
1	109988621565225133892027946090158369075649042247527589908224238650635311390713703295464422488283867756907261912854513216479855619547815694189109573727455206437
1	12513675507420823616458269315646760553516956902413318612312937331509406685171020135412119923816727469348730397270872761156390759110230528081395700009890003191
1	124478140573817666500558573718801986558668676555585116722481323981856729657753831873310035031650604826679476057062892203081992287991240516178094068470322074647
1	20417049512107659584747702567634188271527666524990151420089529330357453012647453905146090402016765871042665385020897662939374396443007703711750878958795141033
1	33589339519919052865230091320946567801545515895951539433050515995104196891774843521369374532350163207199223697937605832577680458664302996429009510543626086503
1	34247954020309622529254210758612186778046408364499608833698565328341534085731213002180538738866833074007051613583441241059595761775367761064872442122651806001
1	50713316530073864129857196700252661190568720078201343849899798659274963934640450022459643901783579744202749504729326453107478339551986876961445731599467872511
1	28979038017185065217061255257287234966039268616115053628514170662442836534080257155691225086733474139544428288416757973204273336886849643977968989488782561329
1	20417049512107659584747702567634188271527666524990151420089529330357453012647453905146090402016765871042665385020897662939374396443007703711750878956512845583
1	34247954020309622529254210758612186778046408364499608833698565328341534085731213002180538738866833074007051613583441241059595761775367761064872442122820330641
1	108671392564443994563979707214827131122647257310431451106928139984160637002800964333842094075250528023291606081562842399516025013325686164917383710572570604143
1	54665003532417282114001913326246375049574074889489760253788094658698987098378666907326629140883598945049716998604338903998970158218375464776623321078255719887
1	5927530503515126976217074938990570788508032216932624605832443999136034745607325327300477858650028801270451240812518676337237727999582881722766384215333325129
1	658614500390569664024119437665618976500892468548069400648049333237337193956369480811164206516669866807827915645835408481915303111064764635862931581035947657
1	11855061007030253952434149877981141577016064433865249211664887998272069491214650654600955717300057602540902481625037352674475455999165763445532768428002833679
1	34906568520700192193278330196277805754547300833047678234346614661578871279687582482991702945383502940814879529229276649541511064886432525700735373699238514961
1	50713316530073864129857196700252661190568720078201343849899798659274963934640450022459643901783579744202749504729326453107478339551986876961445731602153546693
1	21734278512888798912795941442965426224529451462086290221385627996832127400560192866768418815050105604658321216312568479903205002665137232983476742117698171989
1	48737473028902155137784838387255804261066042672557135647955650659562952352771341580026151282233570143779265757791820227661732430218792583053856936864692464177
1	30954881518356774209133613570284091895541946021759261830458318662154848115949365598124717706283483739967912035354264198650019246220043937885557784222695752221
1	32272110519137913537181852445615329848543730958855400631754417328629522503862104559747046119316823473583567866645935015613849852442173467157283647384754914449
1	99450789558976019267642035087508465451634762750758479497855449318837916287411791602485795184017149887982015262521146680769210769770779460015302668462934910433
1	95499102556632601283497318461514751592629407939470063093967153319413893123673574717618809944917130687135047768646134229877718951104390872200125078987461044041
1	30954881518356774209133613570284091895541946021759261830458318662154848115949365598124717706283483739967912035354264198650019246220043937885557784228195168681
1	3951687002343417984144716625993713859005354811288416403888295999424023163738216884866985239100019200846967493875012450891491818666388587815177589480586131649
1	92864644555070322627400840710852275686625838065277785491374955986464544347848096794374153118850451219903736106062792595950057738660131813656673352670681814651
1	137650430581629059781040962472114366088686525926546504735442310646603473536881221489533319161984002162836034369979600372720298350212535808895352700057757852341
1	38199641022653040513398927384605900637051763175788025237586861327765557249469429887047523977966852274854019107458453691951087580441756348880050031595911136071
1	41492713524605888833519524572933995519556225518528372240827107993952243219251277291103345010550201608893158685687630734360664095997080172059364689494692256299
1	125136755074208236164582693156467605535169569024133186123129373315094066851710201354121199238167274693487303972708727611563907591102305280813957000052106518237
1	66520064539447536066436063204227516626590139323355009465452982656971056589593317561927584858183656547590619480229376256673445614217541228222156089501134367861
1	10537832006249114624385911002649903624014279496769110410368789331797395103301911692978627304266717868925246650333366535710644849777036234173806905271319673977
1	111305850566006273220076184965489607028650827184623728709520337317109985778626442257086750901317207490522917744146184033443686225769945223460835436884464239013
1	40175484523824749505471285697602757566554440581432233439531009327477568831338538329481016597516861875277502854395959917396833489774950642787638826333668871799
1	87595728551945765315207885209527323874618698316893230286190561320565846796197140947884839466717092285441112780896109328094735313771613696569769900036161402979
1	125795369574598805828606812594133224511670461492681255523777422648331404045666570834932363444683944560295131888354563020045822894213370045449819931627362124211
1	41492713524605888833519524572933995519556225518528372240827107993952243219251277291103345010550201608893158685687630734360664095997080172059364689495447971209
1	23710122014060507904868299755962283154032128867730498423329775996544138982429301309201911434600115205081804963250074705348950911998331526891065536852927017471
1	67837293540228675394484302079558754579591924260451148266749081323445730977506056523549913271216996281206275311521047073637276220439670757493881952660313066903
1	3293072501952848320120597188328094882504462342740347003240246666186685969781847404055821032583349334039139578229177042409576515555323823179314657902148285037
1	43468557025777597825591882885930852449058902924172580442771255993664254801120385733536837630100211209316642432625136959806410005330274465966953484232012336653
1	60592534035932409090218988265236945838082107106422384859620538657835021843985992234627106999533627746320168239416857580336207886217958346499389705288424929193
1	9220603005467975296337672127318665671012494559672971609072690665322720715389172731356298891233378135309590819041695718746814243554906704902081042111302929153
1	86278499551164625987159646334196085921616913379797091484894462654091172408284401986262511053683752551825456949604438511130904707549484167298044036879341846289
1	75740667544915511362773735331546182297602633883027981074525673322293777304982490293283883749417034682900210299271071975420259857772447933124237131610023448683
1	82326812548821208003014929708202372062611558568508675081006166654667149244546185101395525814583733350978489455729426060239412888883095579482866447400821999049
1	121843682572255387844462095968139510652665106681392839119889126648907380881928353950065378205583925359448164394479550569154331075546981457634642342155320287569
1	70471751541790954050580779830221230485595494134643425869341278656395079753331534446794570097283675748437586974104388707564937432883929816037333678979842566241
1	107354163563662855235931468339495893169645472373335312305632041317685962614888225372219765662217188289675950250271171582552194407103556635645657847410597501231
1	38858255523043610177423046822271519613552655644336094638234910661002894443425799367858688184483522141661847023104289100433002883552821113515912963176181168797
1	104061091061710006915810871151167798287141010030594965302391794651499276645106377968163944629633838955636810672041994540142617891548232812466343189514250783441
1	28320423516794495553037135819621615989538376147566984227866121329205499340123887674880060880216804272736600372770922564722358033775784879342106057905916329087
1	43468557025777597825591882885930852449058902924172580442771255993664254801120385733536837630100211209316642432625136959806410005330274465966953484230108862747
1	92206030054679752963376721273186656710124945596729716090726906653227207153891727313562988912333781353095908190416957187468142435549067049020810421091040040841
1	135015972580066781124944484721451890182682956052354227132850113313654124761055743566288662335917322695604722707396258738792637137768276750351900973737521948519
1	4610301502733987648168836063659332835506247279836485804536345332661360357694586365678149445616689067654795409520847859373407121777453352451040521058876654699
1	53347774531636142785953674450915137096572289952393621452491995992224312710465927945704300727850259211434061167312668087035139551996245935504897457920768398969
1	76399282045306081026797854769211801274103526351576050475173722655531114498938859774095047955933704549708038214916907383902175160883512697760100063190872995847
