sieve choosen 383
number of total trys 4991
2.003606491685033% Erfolgsquote 
1	78375125546477790018870213082208658203606203757220258677117870655243126080807968216528540575483714150131521961854413609347921070216706991667688857925655194507
1	100109404059366588931666154525174084428135655219306548898503498652075253481368161083296959390533819754789843178166982089251126072881844224651165600042305922479
1	79033740046868359682894332519874277180107096225768328077765919988480463274764337697339704782000384016939349877500249017829836373327771756303551789508069831703
1	46103015027339876481688360636593328355062472798364858045363453326613603576945863656781494456166890676547954095208478593734071217774533524510405210548451602341
1	34906568520700192193278330196277805754547300833047678234346614661578871279687582482991702945383502940814879529229276649541511064886432525700735373699825409333
1	90230186553508043971304362960189799780622268191085507888782758653515195572022618871129496292783771752672424443479450962022396526215872755113221626352195350117
1	39516870023434179841447166259937138590053548112884164038882959994240231637382168848669852391000192008469674938750124508914918186663885878151775894754265483047
1	61909763036713548418267227140568183791083892043518523660916637324309696231898731196249435412566967479935824070708528397300038492440087875771115568446930768303
1	17123977010154811264627105379306093389023204182249804416849282664170767042865606501090269369433416537003525806791720620529797880887683880532436221061682592823
1	108012778064053424899955587777161512146146364841883381706280090650923299808844594853030929868733858156483778165917006991034109710214621400281520778992098847783
1	71130366042181523714604899267886849462096386603191495269989327989632416947287903927605734303800345615245414889750224116046852735994994580673196610557314753979
1	125795369574598805828606812594133224511670461492681255523777422648331404045666570834932363444683944560295131888354563020045822894213370045449819931628989688411
1	44785786026558737153640121761262090402060687861268719244067354660138929189033124695159166043133550942932298263916807776770240611552403995238679347387861202237
1	81009583548040068674966690832871134109609773631412536279710067988192474856633446139773197401550393617362833624437755243275582282660966050211140584244722254373
1	106036934562881715907883229464164655216643687436239173504335942651211288226975486410597437249183848556060294418979500765588363800881427106373931984254570360157
1	34906568520700192193278330196277805754547300833047678234346614661578871279687582482991702945383502940814879529229276649541511064886432525700735373701475374049
1	95499102556632601283497318461514751592629407939470063093967153319413893123673574717618809944917130687135047768646134229877718951104390872200125078986934107131
1	55323618032807851778026032763911994026074967358037829654436143991936324292335036388137793347400268811857544914250174312480885461329440229412486252657182180183
1	2634458001562278656096477750662475906003569874192277602592197332949348775825477923244656826066679467231311662583341633927661212444259058543451726321966373089
1	50713316530073864129857196700252661190568720078201343849899798659274963934640450022459643901783579744202749504729326453107478339551986876961445731602208909569
1	67837293540228675394484302079558754579591924260451148266749081323445730977506056523549913271216996281206275311521047073637276220439670757493881952658216042659
1	61909763036713548418267227140568183791083892043518523660916637324309696231898731196249435412566967479935824070708528397300038492440087875771115568446932195253
1	49396087529292724801808957824921423237566935141105205048603699992800289546727711060837315488750240010587093673437655636143647733329857347689719868444307907199
1	97474946057804310275569676774511608522132085345114271295911301319125904705542683160052302564467140287558531515583640455323464860437585166107713873723332947817
1	48078858528511585473760718949590185284565150204009066247307601326325615158814972099214987075716900276971437842145984819179817127107727818417994005286638586847
1	33589339519919052865230091320946567801545515895951539433050515995104196891774843521369374532350163207199223697937605832577680458664302996429009510540082230873
1	24368736514451077568892419193627902130533021336278567823977825329781476176385670790013075641116785071889632878895910113830866215109396291526928468432704840943
1	86937114051555195651183765771861704898117805848345160885542511987328509602240771467073675260200422418633284865250273919612820010660548931933906968456292433881
1	45444400526949306817664241198927709378561580329816788644715403993376266382989494175970330249650220809740126179562643185252155914663468759874542278968645540179
1	111305850566006273220076184965489607028650827184623728709520337317109985778626442257086750901317207490522917744146184033443686225769945223460835436887174239801
1	63885606537885257410339585453565040720586569449162731862860785324021707813767839638682928032116977080359307817646034622745784401773282169678704363187318035073
1	37541026522262470849374807946940281660550870707239955836938811994528220055513060406236359771450182408046191191812618283469172277330691584244187100015579610241
1	76399282045306081026797854769211801274103526351576050475173722655531114498938859774095047955933704549708038214916907383902175160883512697760100063191421000647
1	15806748009373671936578866503974855436021419245153665615553183997696092654952867539467940956400076803387869975500049803565967274665554351260710357901210216239
1	52030545530855003457905435575583899143570505015297482651195897325749638322553188984081972314816919477818405336020997270071308945774116406233171594759633882677
1	91547415554289183299352601835521037733624053128181646690078857319989869959935357832751824705817111486288080274771121778986227132438002284384947489510701573983
1	56640847033588991106074271639243231979076752295133968455732242658410998680247775349760121760433608545473200745541845129444716067551569758684212115815032838189
1	127771213075770514820679170907130081441173138898325463725721570648043415627535679277365856064233954160718615635292069245491568803546564339357408726366415220699
1	111305850566006273220076184965489607028650827184623728709520337317109985778626442257086750901317207490522917744146184033443686225769945223460835436886427867363
1	98792175058585449603617915649842846475133870282210410097207399985600579093455422121674630977500480021174187346875311272287295466659714695379439736882911949381
1	98792175058585449603617915649842846475133870282210410097207399985600579093455422121674630977500480021174187346875311272287295466659714695379439736884041778781
1	123160911573036527172510334843470748605666891618488977921185225315382055269841092911687706618617265093063820225771221386118161681769110986906368205311349017441
1	59933919535541839426194868827571326861581214637874315458972489324597684650029622753815942793016957879512340323771022171854292583106893581863526773708646168279
1	26344580015622786560964777506624759060035698741922776025921973329493487758254779232446568260666794672313116625833416339276612124442590585434517263173783321029
1	19099820511326520256699463692302950318525881587894012618793430663882778624734714943523761988983426137427009553729226845975543790220878174440025015799148722053
1	67837293540228675394484302079558754579591924260451148266749081323445730977506056523549913271216996281206275311521047073637276220439670757493881952659641084497
1	129088442076551654148727409782461319394174923835421602527017669314518090015448418238988184477267293894334271466583740062455399409768693868629134589522726872647
1	20417049512107659584747702567634188271527666524990151420089529330357453012647453905146090402016765871042665385020897662939374396443007703711750878959314293321
1	92864644555070322627400840710852275686625838065277785491374955986464544347848096794374153118850451219903736106062792595950057738660131813656673352669719678837
1	75740667544915511362773735331546182297602633883027981074525673322293777304982490293283883749417034682900210299271071975420259857772447933124237131609865634481
1	81668198048430638338990810270536753086110666099960605680358117321429812050589815620584361608067063484170661540083590651757497585772030814847003515826337510149
1	83644041549602347331063168583533610015613343505604813882302265321141823632458924063017854227617073084594145287021096877203243495105225108754592310562439194793
1	90888801053898613635328482397855418757123160659633577289430807986752532765978988351940660499300441619480252359125286370504311829326937519749084557929427854251
1	76399282045306081026797854769211801274103526351576050475173722655531114498938859774095047955933704549708038214916907383902175160883512697760100063190874153933
1	108012778064053424899955587777161512146146364841883381706280090650923299808844594853030929868733858156483778165917006991034109710214621400281520778991202062641
1	98792175058585449603617915649842846475133870282210410097207399985600579093455422121674630977500480021174187346875311272287295466659714695379439736881804665703
1	119209224570693109188365618217477034746661536807200561517296929315958032106102876026820721379517245892216852731896208935226669863102722399091190615838956092187
1	15806748009373671936578866503974855436021419245153665615553183997696092654952867539467940956400076803387869975500049803565967274665554351260710357904876826137
1	9220603005467975296337672127318665671012494559672971609072690665322720715389172731356298891233378135309590819041695718746814243554906704902081042109263088627
1	138309045082019629445065081909779985065187418395094574136090359979840810730837590970344483368500672029643862285625435781202213653323600573531215631633530004093
1	66520064539447536066436063204227516626590139323355009465452982656971056589593317561927584858183656547590619480229376256673445614217541228222156089501289054491
1	68495908040619245058508421517224373556092816728999217667397130656683068171462426004361077477733666148014103227166882482119191523550735522129744884241444983891
1	64544221038275827074363704891230659697087461917710801263508834657259045007724209119494092238633646947167135733291870031227699704884346934314567294764337370889
1	20417049512107659584747702567634188271527666524990151420089529330357453012647453905146090402016765871042665385020897662939374396443007703711750878959314365723
1	95499102556632601283497318461514751592629407939470063093967153319413893123673574717618809944917130687135047768646134229877718951104390872200125078987397103079
1	77716511046087220354846093644543039227105311288672189276469821322005788886851598735717376368967044283323694046208578200866005767105642227031825926350177204161
1	33589339519919052865230091320946567801545515895951539433050515995104196891774843521369374532350163207199223697937605832577680458664302996429009510541393461749
1	126453984074989375492630932031798843488171353961229324924425471981568741239622940315743527651200614427102959804000398428527738197324434810085682863209681218889
1	20417049512107659584747702567634188271527666524990151420089529330357453012647453905146090402016765871042665385020897662939374396443007703711750878956190468877
1	59275305035151269762170749389905707885080322169326246058324439991360347456073253273004778586500288012704512408125186763372377279995828817227663842131215091047
1	11196446506639684288410030440315522600515171965317179811016838665034732297258281173789791510783387735733074565979201944192560152888100998809669836849557415753
1	37541026522262470849374807946940281660550870707239955836938811994528220055513060406236359771450182408046191191812618283469172277330691584244187100019285975019
1	44785786026558737153640121761262090402060687861268719244067354660138929189033124695159166043133550942932298263916807776770240611552403995238679347386398845571
1	80350969047649499010942571395205515133108881162864466879062018654955137662677076658962033195033723750555005708791919834793666979549901285575277652667191162843
1	9879217505858544960361791564984284647513387028221041009720739998560057909345542212167463097750048002117418734687531127228729546665971469537943973692614597883
1	102743862060928867587762632275836560334139225093498826501095695985024602257193639006541616216600499222021154840750323723178787285326103283194617326358541451127
1	136333201580847920452992723596783128135684740989450365934146211980128799148968482527910990748950662429220378538687929555756467743990406279623626836896108542257
1	40175484523824749505471285697602757566554440581432233439531009327477568831338538329481016597516861875277502854395959917396833489774950642787638826335090889801
1	102085247560538297923738512838170941357638332624950757100447646651787265063237269525730452010083829355213326925104488314696871982215038518558754394779475889127
1	60592534035932409090218988265236945838082107106422384859620538657835021843985992234627106999533627746320168239416857580336207886217958346499389705288502756981
1	75082053044524941698749615893880563321101741414479911673877623989056440111026120812472719542900364816092382383625236566938344554661383168488374200031967505463
1	21075664012498229248771822005299807248028558993538220820737578663594790206603823385957254608533435737850493300666733071421289699554072468347613810537479028451
1	130405671077332793476775648657792557347176708772517741328313767980992764403361157200610512890300633627949927297875410879419230015990823397900860452683192304671
1	90888801053898613635328482397855418757123160659633577289430807986752532765978988351940660499300441619480252359125286370504311829326937519749084557934880898051
1	99450789558976019267642035087508465451634762750758479497855449318837916287411791602485795184017149887982015262521146680769210769770779460015302668464414423507
1	65202835538666396738387824328896278673588354386258870664156883990496382201680578600305256445150316813974963648937705439709615007995411698950430226341439248407
1	69154522541009814722532540954889992532593709197547287068045179989920405365418795485172241684250336014821931142812717890601106826661800286765607815818241807013
1	73106209543353232706677257580883706391599064008835703471933475989344428529157012370039226923350355215668898636687730341492598645328188874580785405295319146743
1	56640847033588991106074271639243231979076752295133968455732242658410998680247775349760121760433608545473200745541845129444716067551569758684212115813997653983
1	92864644555070322627400840710852275686625838065277785491374955986464544347848096794374153118850451219903736106062792595950057738660131813656673352669254571937
1	51371931030464433793881316137918280167069612546749413250547847992512301128596819503270808108300249611010577420375161861589393642663051641597308663181884597313
1	9879217505858544960361791564984284647513387028221041009720739998560057909345542212167463097750048002117418734687531127228729546665971469537943973690385896627
1	119867839071083678852389737655142653723162429275748630917944978649195369300059245507631885586033915759024680647542044343708585166213787163727053547418274703571
1	30296267017966204545109494132618472919041053553211192429810269328917510921992996117313553499766813873160084119708428790168103943108979173249694852647163621999
1	25685965515232216896940658068959140083534806273374706625273923996256150564298409751635404054150124805505288710187580930794696821331525820798654331594591320433
1	100768018559757158595690273962839703404636547687854618299151547985312590675324530564108123597050489621597671093812817497733041375992908989287028531618726226131
1	87595728551945765315207885209527323874618698316893230286190561320565846796197140947884839466717092285441112780896109328094735313771613696569769900038901452577
1	658614500390569664024119437665618976500892468548069400648049333237337193956369480811164206516669866807827915645835408481915303111064764635862931583398435783
1	3951687002343417984144716625993713859005354811288416403888295999424023163738216884866985239100019200846967493875012450891491818666388587815177589476643397327
1	8561988505077405632313552689653046694511602091124902208424641332085383521432803250545134684716708268501762903395860310264898940443841940266218110533214400339
