sieve choosen 383
number of total trys 5802
1.723543605653223% Erfolgsquote 
1	79033740046868359682894332519874277180107096225768328077765919988480463274764337697339704782000384016939349877500249017829836373327771756303551789505836340253
1	1975843501171708992072358312996856929502677405644208201944147999712011581869108442433492619550009600423483746937506225445745909333194293907588794740084820907
1	82985427049211777667039049145867991039112451037056744481654215987904486438502554582206690021100403217786317371375261468721328191994160344118729378979092710087
1	108012778064053424899955587777161512146146364841883381706280090650923299808844594853030929868733858156483778165917006991034109710214621400281520778992750330711
1	79692354547258929346918451957539896156607988694316397478413969321717800468720707178150868988517053883747177793146084426311751676438836520939414721088561403783
1	22392893013279368576820060880631045201030343930634359622033677330069464594516562347579583021566775471466149131958403888385120305776201997619339673694098074419
1	116574766569130830532269140466814558840657966933008283914704731983008683330277398103576064553450566424985541069312867301299008650658463340547738889522577534403
1	28979038017185065217061255257287234966039268616115053628514170662442836534080257155691225086733474139544428288416757973204273336886849643977968989486173079639
1	23051507513669938240844180318296664177531236399182429022681726663306801788472931828390747228083445338273977047604239296867035608887266762255202605273291382283
1	92206030054679752963376721273186656710124945596729716090726906653227207153891727313562988912333781353095908190416957187468142435549067049020810421088752451941
1	32272110519137913537181852445615329848543730958855400631754417328629522503862104559747046119316823473583567866645935015613849852442173467157283647385734447719
1	136991816081238490117016843034448747112185633457998435334794261313366136342924852008722154955467332296028206454333764964238383047101471044259489768477943873059
1	92206030054679752963376721273186656710124945596729716090726906653227207153891727313562988912333781353095908190416957187468142435549067049020810421089740118179
1	50713316530073864129857196700252661190568720078201343849899798659274963934640450022459643901783579744202749504729326453107478339551986876961445731603995878129
1	104061091061710006915810871151167798287141010030594965302391794651499276645106377968163944629633838955636810672041994540142617891548232812466343189515856350249
1	103402476561319437251786751713502179310640117562046895901743745318261939451150008487352780423117169088828982756396159131660702588437168047830480257936663531141
1	5268916003124557312192955501324951812007139748384555205184394665898697551650955846489313652133358934462623325166683267855322424888518117086903452636626270673
1	100768018559757158595690273962839703404636547687854618299151547985312590675324530564108123597050489621597671093812817497733041375992908989287028531619511100699
1	40175484523824749505471285697602757566554440581432233439531009327477568831338538329481016597516861875277502854395959917396833489774950642787638826336045590593
1	37541026522262470849374807946940281660550870707239955836938811994528220055513060406236359771450182408046191191812618283469172277330691584244187100016567045261
1	13830904508201962944506508190977998506518741839509457413609035997984081073083759097034448336850067202964386228562543578120221365332360057353121563164926116377
1	13172290007811393280482388753312379530017849370961388012960986664746743879127389616223284130333397336156558312916708169638306062221295292717258631588711502327
1	137650430581629059781040962472114366088686525926546504735442310646603473536881221489533319161984002162836034369979600372720298350212535808895352700053641890267
1	86278499551164625987159646334196085921616913379797091484894462654091172408284401986262511053683752551825456949604438511130904707549484167298044036877135208299
1	107354163563662855235931468339495893169645472373335312305632041317685962614888225372219765662217188289675950250271171582552194407103556635645657847413849901617
1	70471751541790954050580779830221230485595494134643425869341278656395079753331534446794570097283675748437586974104388707564937432883929816037333678975443443539
1	65202835538666396738387824328896278673588354386258870664156883990496382201680578600305256445150316813974963648937705439709615007995411698950430226344976877513
1	102085247560538297923738512838170941357638332624950757100447646651787265063237269525730452010083829355213326925104488314696871982215038518558754394775738496999
1	79692354547258929346918451957539896156607988694316397478413969321717800468720707178150868988517053883747177793146084426311751676438836520939414721083728746061
1	100768018559757158595690273962839703404636547687854618299151547985312590675324530564108123597050489621597671093812817497733041375992908989287028531620491025889
1	128429827576161084484703290344795700417674031366873533126369619981280752821492048758177020270750624027526443550937904653973484106657629103993271657943535378031
1	57299461533979560770098391076908850955577644763682037856380291991648335874204144830571285966950278412281028661187680537926631370662634523320075047396127734641
1	104719705562100576579834990588833417263641902499143034703039843984736613839062747448975108836150508822444638587687829948624533194659297577102206121097135866027
1	100768018559757158595690273962839703404636547687854618299151547985312590675324530564108123597050489621597671093812817497733041375992908989287028531621083949817
1	77057896545696650690821974206877420250604418820124119875821771988768451692895229254906212162450374416515866130562742792384090463994577462395962994770952679861
1	21734278512888798912795941442965426224529451462086290221385627996832127400560192866768418815050105604658321216312568479903205002665137232983476742114581773347
1	71788980542572093378629018705552468438597279071739564670637377322869754141244273408416898510317015482053242805396059524528768039106059345309059542136382952473
1	123819526073427096836534454281136367582167784087037047321833274648619392463797462392498870825133934959871648141417056794600076984880175751542231136893812980711
1	49396087529292724801808957824921423237566935141105205048603699992800289546727711060837315488750240010587093673437655636143647733329857347689719868444299829213
1	84302656049992916995087288021199228992114235974152883282950314654379160826415293543829018434133742951401973202666932285685158798216289873390455242139436784793
1	27003194516013356224988896944290378036536591210470845426570022662730824952211148713257732467183464539120944541479251747758527427553655350070380194753028535921
1	98133560558194879939593796212177227498632977813662340696559350652363241899499052640863466770983810154366359431229475863805380163548649930743576805304240228159
1	81668198048430638338990810270536753086110666099960605680358117321429812050589815620584361608067063484170661540083590651757497585772030814847003515824849100411
1	45444400526949306817664241198927709378561580329816788644715403993376266382989494175970330249650220809740126179562643185252155914663468759874542278970437199649
1	28320423516794495553037135819621615989538376147566984227866121329205499340123887674880060880216804272736600372770922564722358033775784879342106057907958304377
1	131722900078113932804823887533123795300178493709613880129609866647467438791273896162232841303333973361565583129167081696383060622212952927172586315843237577967
1	127112598575379945156655051469464462464672246429777394325073521314806078433579309796554691857717284293910787719646233837009653500435499574721545794789759474957
1	26344580015622786560964777506624759060035698741922776025921973329493487758254779232446568260666794672313116625833416339276612124442590585434517263170406118557
1	39516870023434179841447166259937138590053548112884164038882959994240231637382168848669852391000192008469674938750124508914918186663885878151775894754390849287
1	132381514578504502468848006970789414276679386178161949530257915980704775985230265643044005509850643228373411044812917104864975925324017691808449247422364463553
1	57299461533979560770098391076908850955577644763682037856380291991648335874204144830571285966950278412281028661187680537926631370662634523320075047394642867941
1	68495908040619245058508421517224373556092816728999217667397130656683068171462426004361077477733666148014103227166882482119191523550735522129744884237731582299
1	5927530503515126976217074938990570788508032216932624605832443999136034745607325327300477858650028801270451240812518676337237727999582881722766384216901425311
1	123160911573036527172510334843470748605666891618488977921185225315382055269841092911687706618617265093063820225771221386118161681769110986906368205313951750553
1	21734278512888798912795941442965426224529451462086290221385627996832127400560192866768418815050105604658321216312568479903205002665137232983476742115265870461
1	127112598575379945156655051469464462464672246429777394325073521314806078433579309796554691857717284293910787719646233837009653500435499574721545794788880967133
1	67837293540228675394484302079558754579591924260451148266749081323445730977506056523549913271216996281206275311521047073637276220439670757493881952663060670617
1	17782591510545380928651224816971712365524096650797873817497331997408104236821975981901433575950086403811353722437556029011713183998748645168299152642411561127
1	15148133508983102272554747066309236459520526776605596214905134664458755460996498058656776749883406936580042059854214395084051971554489586624847426325684128123
1	55982232533198421442050152201577613002575859826585899055084193325173661486291405868948957553916938678665372829896009720962800764440504994048349184234339636623
1	81668198048430638338990810270536753086110666099960605680358117321429812050589815620584361608067063484170661540083590651757497585772030814847003515821307370843
1	75740667544915511362773735331546182297602633883027981074525673322293777304982490293283883749417034682900210299271071975420259857772447933124237131612821680859
1	27003194516013356224988896944290378036536591210470845426570022662730824952211148713257732467183464539120944541479251747758527427553655350070380194751264272929
1	20417049512107659584747702567634188271527666524990151420089529330357453012647453905146090402016765871042665385020897662939374396443007703711750878959315422803
1	52689160031245573121929555013249518120071397483845552051843946658986975516509558464893136521333589344626233251666832678553224248885181170869034526339863522007
1	117233381069521400196293259904480177817158859401556353315352781316246020524233767584387228759967236291793368984958702709780923953769528105183601821099294634531
1	137650430581629059781040962472114366088686525926546504735442310646603473536881221489533319161984002162836034369979600372720298350212535808895352700055484031017
1	7903374004686835968289433251987427718010709622576832807776591998848046327476433769733970478200038401693934987750024901782983637332777175630355178956374183873
1	106036934562881715907883229464164655216643687436239173504335942651211288226975486410597437249183848556060294418979500765588363800881427106373931984254579318371
1	136991816081238490117016843034448747112185633457998435334794261313366136342924852008722154955467332296028206454333764964238383047101471044259489768474001486763
1	67837293540228675394484302079558754579591924260451148266749081323445730977506056523549913271216996281206275311521047073637276220439670757493881952658984790703
1	104719705562100576579834990588833417263641902499143034703039843984736613839062747448975108836150508822444638587687829948624533194659297577102206121095734378689
1	101426633060147728259714393400505322381137440156402687699799597318549927869280900044919287803567159488405499009458652906214956679103973753922891463197476304619
1	15806748009373671936578866503974855436021419245153665615553183997696092654952867539467940956400076803387869975500049803565967274665554351260710357902517859627
1	41492713524605888833519524572933995519556225518528372240827107993952243219251277291103345010550201608893158685687630734360664095997080172059364689495262618649
1	42809942525387028161567763448265233472558010455624511042123206660426917607164016252725673423583541342508814516979301551324494702219209701331090552652478646759
1	63226992037494687746315466015899421744085676980614662462212735990784370619811470157871763825600307213551479902000199214263869098662217405042841431606461937543
1	40175484523824749505471285697602757566554440581432233439531009327477568831338538329481016597516861875277502854395959917396833489774950642787638826334133662749
1	36223797521481331521326569071609043707549085770143817035642713328053545667600321444614031358416842674430535360520947466505341671108562054972461236857627516503
1	111964465066396842884100304403155226005151719653171798110168386650347322972582811737897915107833877357330745659792019441925601528881009988096698368467265328279
1	23051507513669938240844180318296664177531236399182429022681726663306801788472931828390747228083445338273977047604239296867035608887266762255202605277004333911
1	67178679039838105730460182641893135603091031791903078866101031990208393783549687042738749064700326414398447395875211665155360917328605992858019021083059126601
1	5268916003124557312192955501324951812007139748384555205184394665898697551650955846489313652133358934462623325166683267855322424888518117086903452639728482491
1	60592534035932409090218988265236945838082107106422384859620538657835021843985992234627106999533627746320168239416857580336207886217958346499389705290075729791
1	25685965515232216896940658068959140083534806273374706625273923996256150564298409751635404054150124805505288710187580930794696821331525820798654331593752747467
1	115257537568349691204220901591483320887656181995912145113408633316534008942364659141953736140417226691369885238021196484335178044436333811276013026364183408843
1	34247954020309622529254210758612186778046408364499608833698565328341534085731213002180538738866833074007051613583441241059595761775367761064872442124123713891
1	69813137041400384386556660392555611509094601666095356468693229323157742559375164965983405890767005881629759058458553299083022129772865051401470747397228922473
1	123819526073427096836534454281136367582167784087037047321833274648619392463797462392498870825133934959871648141417056794600076984880175751542231136893430425779
1	98792175058585449603617915649842846475133870282210410097207399985600579093455422121674630977500480021174187346875311272287295466659714695379439736883915221563
1	33589339519919052865230091320946567801545515895951539433050515995104196891774843521369374532350163207199223697937605832577680458664302996429009510544352479377
1	10537832006249114624385911002649903624014279496769110410368789331797395103301911692978627304266717868925246650333366535710644849777036234173806905271936646303
1	30296267017966204545109494132618472919041053553211192429810269328917510921992996117313553499766813873160084119708428790168103943108979173249694852645745293847
1	69154522541009814722532540954889992532593709197547287068045179989920405365418795485172241684250336014821931142812717890601106826661800286765607815817371631909
1	36882412021871901185350688509274662684049978238691886436290762661290882861556690925425195564933512541238363276166782874987256974219626819608324168440946555757
1	42151328024996458497543644010599614496057117987076441641475157327189580413207646771914509217066871475700986601333466142842579399108144936695227621073265618317
1	32272110519137913537181852445615329848543730958855400631754417328629522503862104559747046119316823473583567866645935015613849852442173467157283647383248418017
1	55323618032807851778026032763911994026074967358037829654436143991936324292335036388137793347400268811857544914250174312480885461329440229412486252653834247019
1	103402476561319437251786751713502179310640117562046895901743745318261939451150008487352780423117169088828982756396159131660702588437168047830480257938748552107
1	23710122014060507904868299755962283154032128867730498423329775996544138982429301309201911434600115205081804963250074705348950911998331526891065536854087220251
