sieve choosen 383
number of total trys 5710
1.7513134851138352% Erfolgsquote 
1	116574766569130830532269140466814558840657966933008283914704731983008683330277398103576064553450566424985541069312867301299008650658463340547738889522575264863
1	21734278512888798912795941442965426224529451462086290221385627996832127400560192866768418815050105604658321216312568479903205002665137232983476742119599522909
1	77716511046087220354846093644543039227105311288672189276469821322005788886851598735717376368967044283323694046208578200866005767105642227031825926345532449039
1	82326812548821208003014929708202372062611558568508675081006166654667149244546185101395525814583733350978489455729426060239412888883095579482866447401927744341
1	138309045082019629445065081909779985065187418395094574136090359979840810730837590970344483368500672029643862285625435781202213653323600573531215631634679149971
1	111964465066396842884100304403155226005151719653171798110168386650347322972582811737897915107833877357330745659792019441925601528881009988096698368467268466471
1	122502297072645957508486215405805129629165999149940908520537175982144718075884723430876542412100595226255992310125385977636246378658046222270505273735426312399
1	64544221038275827074363704891230659697087461917710801263508834657259045007724209119494092238633646947167135733291870031227699704884346934314567294765369115891
1	134357358079676211460920365283786271206182063583806157732202063980416787567099374085477498129400652828796894791750423330310721834657211985716038042160442137347
1	3951687002343417984144716625993713859005354811288416403888295999424023163738216884866985239100019200846967493875012450891491818666388587815177589477624315043
1	131722900078113932804823887533123795300178493709613880129609866647467438791273896162232841303333973361565583129167081696383060622212952927172586315842724757791
1	59275305035151269762170749389905707885080322169326246058324439991360347456073253273004778586500288012704512408125186763372377279995828817227663842131808329341
1	117233381069521400196293259904480177817158859401556353315352781316246020524233767584387228759967236291793368984958702709780923953769528105183601821101376500513
1	22392893013279368576820060880631045201030343930634359622033677330069464594516562347579583021566775471466149131958403888385120305776201997619339673698616037973
1	26344580015622786560964777506624759060035698741922776025921973329493487758254779232446568260666794672313116625833416339276612124442590585434517263173965345141
1	113281694067177982212148543278486463958153504590267936911464485316821997360495550699520243520867217090946401491083690258889432135103139517368424231624010571817
1	103402476561319437251786751713502179310640117562046895901743745318261939451150008487352780423117169088828982756396159131660702588437168047830480257938103303723
1	23710122014060507904868299755962283154032128867730498423329775996544138982429301309201911434600115205081804963250074705348950911998331526891065536854263055441
1	84302656049992916995087288021199228992114235974152883282950314654379160826415293543829018434133742951401973202666932285685158798216289873390455242141149416567
1	23710122014060507904868299755962283154032128867730498423329775996544138982429301309201911434600115205081804963250074705348950911998331526891065536855216803093
1	27003194516013356224988896944290378036536591210470845426570022662730824952211148713257732467183464539120944541479251747758527427553655350070380194750665542561
1	85619885050774056323135526896530466945116020911249022084246413320853835214328032505451346847167082685017629033958603102648989404438419402662181105300022826501
1	137650430581629059781040962472114366088686525926546504735442310646603473536881221489533319161984002162836034369979600372720298350212535808895352700057143803377
1	109330007064834564228003826652492750099148149778979520507576189317397974196757333814653258281767197890099433997208677807997940316436750929553246642148180928571
1	34247954020309622529254210758612186778046408364499608833698565328341534085731213002180538738866833074007051613583441241059595761775367761064872442121373587997
1	123819526073427096836534454281136367582167784087037047321833274648619392463797462392498870825133934959871648141417056794600076984880175751542231136891872414091
1	117891995569911969860317379342145796793659751870104422716000830649483357718190137065198392966483906158601196900604538118262839256880592869819464752680690138217
1	34247954020309622529254210758612186778046408364499608833698565328341534085731213002180538738866833074007051613583441241059595761775367761064872442119603935049
1	100768018559757158595690273962839703404636547687854618299151547985312590675324530564108123597050489621597671093812817497733041375992908989287028531621496489167
1	11196446506639684288410030440315522600515171965317179811016838665034732297258281173789791510783387735733074565979201944192560152888100998809669836851501309341
1	19099820511326520256699463692302950318525881587894012618793430663882778624734714943523761988983426137427009553729226845975543790220878174440025015800408316939
1	95499102556632601283497318461514751592629407939470063093967153319413893123673574717618809944917130687135047768646134229877718951104390872200125078985828030149
1	17782591510545380928651224816971712365524096650797873817497331997408104236821975981901433575950086403811353722437556029011713183998748645168299152640964397071
1	78375125546477790018870213082208658203606203757220258677117870655243126080807968216528540575483714150131521961854413609347921070216706991667688857927867753961
1	12513675507420823616458269315646760553516956902413318612312937331509406685171020135412119923816727469348730397270872761156390759110230528081395700005850368031
1	30954881518356774209133613570284091895541946021759261830458318662154848115949365598124717706283483739967912035354264198650019246220043937885557784223304315787
1	40175484523824749505471285697602757566554440581432233439531009327477568831338538329481016597516861875277502854395959917396833489774950642787638826336305589381
1	110647236065615703556052065527823988052149934716075659308872287983872648584670072776275586694800537623715089828500348624961770922658880458824972505309923005249
1	83644041549602347331063168583533610015613343505604813882302265321141823632458924063017854227617073084594145287021096877203243495105225108754592310562558059269
1	10537832006249114624385911002649903624014279496769110410368789331797395103301911692978627304266717868925246650333366535710644849777036234173806905269892790589
1	45444400526949306817664241198927709378561580329816788644715403993376266382989494175970330249650220809740126179562643185252155914663468759874542278970477612231
1	110647236065615703556052065527823988052149934716075659308872287983872648584670072776275586694800537623715089828500348624961770922658880458824972505308934594673
1	113940308567568551876172662716152082934654397058816006312112534650059334554451920180331407727383886957754229406729525667371347438214204282004287163206695487639
1	17123977010154811264627105379306093389023204182249804416849282664170767042865606501090269369433416537003525806791720620529797880887683880532436221060904870119
1	32930725019528483201205971883280948825044623427403470032402466661866859697818474040558210325833493340391395782291770424095765155553238231793146578964262163353
1	52030545530855003457905435575583899143570505015297482651195897325749638322553188984081972314816919477818405336020997270071308945774116406233171594759093991593
1	88254343052336334979232004647192942851119590785441299686838610653803183990153510428696003673233762152248940696541944736576650616882678461205632831614687090117
1	115916152068740260868245021029148939864157074464460214514056682649771346136321028622764900346933896558177713153667031892817093347547398575911875957942809571301
1	8561988505077405632313552689653046694511602091124902208424641332085383521432803250545134684716708268501762903395860310264898940443841940266218110530072864737
1	74423438544134372034725496456214944344600848945931842273229574655819102917069751331661555336383694949284554467979401158456429251550318403852511268452263129717
1	128429827576161084484703290344795700417674031366873533126369619981280752821492048758177020270750624027526443550937904653973484106657629103993271657947143892347
1	84302656049992916995087288021199228992114235974152883282950314654379160826415293543829018434133742951401973202666932285685158798216289873390455242139637439971
1	23710122014060507904868299755962283154032128867730498423329775996544138982429301309201911434600115205081804963250074705348950911998331526891065536853470410723
1	104719705562100576579834990588833417263641902499143034703039843984736613839062747448975108836150508822444638587687829948624533194659297577102206121095664873593
1	123819526073427096836534454281136367582167784087037047321833274648619392463797462392498870825133934959871648141417056794600076984880175751542231136892310203393
1	17782591510545380928651224816971712365524096650797873817497331997408104236821975981901433575950086403811353722437556029011713183998748645168299152640717092337
1	33589339519919052865230091320946567801545515895951539433050515995104196891774843521369374532350163207199223697937605832577680458664302996429009510541718730903
1	103402476561319437251786751713502179310640117562046895901743745318261939451150008487352780423117169088828982756396159131660702588437168047830480257937271726439
1	34247954020309622529254210758612186778046408364499608833698565328341534085731213002180538738866833074007051613583441241059595761775367761064872442120627369281
1	4610301502733987648168836063659332835506247279836485804536345332661360357694586365678149445616689067654795409520847859373407121777453352451040521059176069433
1	126453984074989375492630932031798843488171353961229324924425471981568741239622940315743527651200614427102959804000398428527738197324434810085682863205949844613
1	82985427049211777667039049145867991039112451037056744481654215987904486438502554582206690021100403217786317371375261468721328191994160344118729378983061410993
1	38858255523043610177423046822271519613552655644336094638234910661002894443425799367858688184483522141661847023104289100433002883552821113515912963175201137767
1	96157717057023170947521437899180370569130300408018132494615202652651230317629944198429974151433800553942875684291969638359634254215455636835988010564280660543
1	107354163563662855235931468339495893169645472373335312305632041317685962614888225372219765662217188289675950250271171582552194407103556635645657847414801100813
1	96816331557413740611545557336845989545631192876566201895263251985888567511586313679241138357950470420750703599937805046841549557326520401471850942147059870293
1	104061091061710006915810871151167798287141010030594965302391794651499276645106377968163944629633838955636810672041994540142617891548232812466343189515239774187
1	59933919535541839426194868827571326861581214637874315458972489324597684650029622753815942793016957879512340323771022171854292583106893581863526773709189982159
1	53347774531636142785953674450915137096572289952393621452491995992224312710465927945704300727850259211434061167312668087035139551996245935504897457920821652041
1	44785786026558737153640121761262090402060687861268719244067354660138929189033124695159166043133550942932298263916807776770240611552403995238679347391289072659
1	81668198048430638338990810270536753086110666099960605680358117321429812050589815620584361608067063484170661540083590651757497585772030814847003515826153542013
1	13172290007811393280482388753312379530017849370961388012960986664746743879127389616223284130333397336156558312916708169638306062221295292717258631588100500059
1	94840488056242031619473199023849132616128515470921993693319103986176555929717205236807645738400460820327219853000298821395803647993326107564262147410231217543
1	135015972580066781124944484721451890182682956052354227132850113313654124761055743566288662335917322695604722707396258738792637137768276750351900973737648989559
1	88254343052336334979232004647192942851119590785441299686838610653803183990153510428696003673233762152248940696541944736576650616882678461205632831613579951843
1	104061091061710006915810871151167798287141010030594965302391794651499276645106377968163944629633838955636810672041994540142617891548232812466343189518207158779
1	45444400526949306817664241198927709378561580329816788644715403993376266382989494175970330249650220809740126179562643185252155914663468759874542278965912475859
1	104719705562100576579834990588833417263641902499143034703039843984736613839062747448975108836150508822444638587687829948624533194659297577102206121096800407281
1	30954881518356774209133613570284091895541946021759261830458318662154848115949365598124717706283483739967912035354264198650019246220043937885557784224615799771
1	79692354547258929346918451957539896156607988694316397478413969321717800468720707178150868988517053883747177793146084426311751676438836520939414721085353264557
1	25685965515232216896940658068959140083534806273374706625273923996256150564298409751635404054150124805505288710187580930794696821331525820798654331592358336623
1	131064285577723363140799768095458176323677601241065810728961817314230101597317526681421677096817303494757755213521246287901145319101888162536723384264589723063
1	62568377537104118082291346578233802767584784512066593061564686657547033425855100677060599619083637346743651986354363805781953795551152640406978500027190750499
1	86937114051555195651183765771861704898117805848345160885542511987328509602240771467073675260200422418633284865250273919612820010660548931933906968456961737463
1	108671392564443994563979707214827131122647257310431451106928139984160637002800964333842094075250528023291606081562842399516025013325686164917383710572302126971
1	31613496018747343873157733007949710872042838490307331231106367995392185309905735078935881912800153606775739951000099607131934549331108702521420715805621653233
1	52030545530855003457905435575583899143570505015297482651195897325749638322553188984081972314816919477818405336020997270071308945774116406233171594760601686881
1	57958076034370130434122510514574469932078537232230107257028341324885673068160514311382450173466948279088856576833515946408546673773699287955937978973353054783
1	65861450039056966402411943766561897650089246854806940064804933323733719395636948081116420651666986680782791564583540848191530311106476463586293157921318584853
1	94181873555851461955449079586183513639627623002373924292671054652939218735760835755996481531883790953519391937354463412913888344882261342928399215830277046067
1	64544221038275827074363704891230659697087461917710801263508834657259045007724209119494092238633646947167135733291870031227699704884346934314567294764779652993
1	55323618032807851778026032763911994026074967358037829654436143991936324292335036388137793347400268811857544914250174312480885461329440229412486252656572893347
1	34247954020309622529254210758612186778046408364499608833698565328341534085731213002180538738866833074007051613583441241059595761775367761064872442119276548349
1	38199641022653040513398927384605900637051763175788025237586861327765557249469429887047523977966852274854019107458453691951087580441756348880050031595763190693
1	3951687002343417984144716625993713859005354811288416403888295999424023163738216884866985239100019200846967493875012450891491818666388587815177589476634457337
1	83644041549602347331063168583533610015613343505604813882302265321141823632458924063017854227617073084594145287021096877203243495105225108754592310560446041937
1	94840488056242031619473199023849132616128515470921993693319103986176555929717205236807645738400460820327219853000298821395803647993326107564262147409215086643
1	62568377537104118082291346578233802767584784512066593061564686657547033425855100677060599619083637346743651986354363805781953795551152640406978500028195296699
1	38858255523043610177423046822271519613552655644336094638234910661002894443425799367858688184483522141661847023104289100433002883552821113515912963177181051191
1	54665003532417282114001913326246375049574074889489760253788094658698987098378666907326629140883598945049716998604338903998970158218375464776623321076412533711
