sieve choosen 383
number of total trys 5970
1.675041876046901% Erfolgsquote 
1	90888801053898613635328482397855418757123160659633577289430807986752532765978988351940660499300441619480252359125286370504311829326937519749084557933578991319
1	126453984074989375492630932031798843488171353961229324924425471981568741239622940315743527651200614427102959804000398428527738197324434810085682863208652923891
1	95499102556632601283497318461514751592629407939470063093967153319413893123673574717618809944917130687135047768646134229877718951104390872200125078985865211439
1	136991816081238490117016843034448747112185633457998435334794261313366136342924852008722154955467332296028206454333764964238383047101471044259489768478568963399
1	15806748009373671936578866503974855436021419245153665615553183997696092654952867539467940956400076803387869975500049803565967274665554351260710357905830776703
1	59933919535541839426194868827571326861581214637874315458972489324597684650029622753815942793016957879512340323771022171854292583106893581863526773709309312763
1	108012778064053424899955587777161512146146364841883381706280090650923299808844594853030929868733858156483778165917006991034109710214621400281520778990409117139
1	66520064539447536066436063204227516626590139323355009465452982656971056589593317561927584858183656547590619480229376256673445614217541228222156089501135116759
1	73764824043743802370701377018549325368099956477383772872581525322581765723113381850850391129867025082476726552333565749974513948439253639216648336875810101409
1	20417049512107659584747702567634188271527666524990151420089529330357453012647453905146090402016765871042665385020897662939374396443007703711750878956954154759
1	21075664012498229248771822005299807248028558993538220820737578663594790206603823385957254608533435737850493300666733071421289699554072468347613810538923745959
1	138309045082019629445065081909779985065187418395094574136090359979840810730837590970344483368500672029643862285625435781202213653323600573531215631633375977143
1	125136755074208236164582693156467605535169569024133186123129373315094066851710201354121199238167274693487303972708727611563907591102305280813957000053008900953
1	97474946057804310275569676774511608522132085345114271295911301319125904705542683160052302564467140287558531515583640455323464860437585166107713873726022383263
1	45444400526949306817664241198927709378561580329816788644715403993376266382989494175970330249650220809740126179562643185252155914663468759874542278970622702447
1	127771213075770514820679170907130081441173138898325463725721570648043415627535679277365856064233954160718615635292069245491568803546564339357408726367562377113
1	123160911573036527172510334843470748605666891618488977921185225315382055269841092911687706618617265093063820225771221386118161681769110986906368205314519793353
1	36223797521481331521326569071609043707549085770143817035642713328053545667600321444614031358416842674430535360520947466505341671108562054972461236857555522911
1	73106209543353232706677257580883706391599064008835703471933475989344428529157012370039226923350355215668898636687730341492598645328188874580785405294836062797
1	134357358079676211460920365283786271206182063583806157732202063980416787567099374085477498129400652828796894791750423330310721834657211985716038042156289501393
1	132381514578504502468848006970789414276679386178161949530257915980704775985230265643044005509850643228373411044812917104864975925324017691808449247420776516241
1	112623079566787412548124423840820844981652612121719867510816435983584660166539181218709079314350547224138573575437854850407516831992074752732561300046592970673
1	49396087529292724801808957824921423237566935141105205048603699992800289546727711060837315488750240010587093673437655636143647733329857347689719868444696935391
1	107354163563662855235931468339495893169645472373335312305632041317685962614888225372219765662217188289675950250271171582552194407103556635645657847413848546133
1	35565183021090761857302449633943424731048193301595747634994663994816208473643951963802867151900172807622707444875112058023426367997497290336598305281936588313
1	12513675507420823616458269315646760553516956902413318612312937331509406685171020135412119923816727469348730397270872761156390759110230528081395700008386178283
1	35565183021090761857302449633943424731048193301595747634994663994816208473643951963802867151900172807622707444875112058023426367997497290336598305281679919771
1	52689160031245573121929555013249518120071397483845552051843946658986975516509558464893136521333589344626233251666832678553224248885181170869034526341757583761
1	32930725019528483201205971883280948825044623427403470032402466661866859697818474040558210325833493340391395782291770424095765155553238231793146578964929713871
1	65861450039056966402411943766561897650089246854806940064804933323733719395636948081116420651666986680782791564583540848191530311106476463586293157924665454317
1	135015972580066781124944484721451890182682956052354227132850113313654124761055743566288662335917322695604722707396258738792637137768276750351900973740365011479
1	65202835538666396738387824328896278673588354386258870664156883990496382201680578600305256445150316813974963648937705439709615007995411698950430226345472874479
1	124478140573817666500558573718801986558668676555585116722481323981856729657753831873310035031650604826679476057062892203081992287991240516178094068469745389951
1	105378320062491146243859110026499036240142794967691104103687893317973951033019116929786273042667178689252466503333665357106448497770362341738069052673954074721
1	69154522541009814722532540954889992532593709197547287068045179989920405365418795485172241684250336014821931142812717890601106826661800286765607815818071982621
1	58616690534760700098146629952240088908579429700778176657676390658123010262116883792193614379983618145896684492479351354890461976884764052591800910553158863047
1	86937114051555195651183765771861704898117805848345160885542511987328509602240771467073675260200422418633284865250273919612820010660548931933906968455639775201
1	13172290007811393280482388753312379530017849370961388012960986664746743879127389616223284130333397336156558312916708169638306062221295292717258631588983418647
1	19099820511326520256699463692302950318525881587894012618793430663882778624734714943523761988983426137427009553729226845975543790220878174440025015797801274551
1	11196446506639684288410030440315522600515171965317179811016838665034732297258281173789791510783387735733074565979201944192560152888100998809669836847465448967
1	93523259055460892291424960148517894663126730533825854892023005319701881541804466275185317325367121086711564021708628004431973041771196578292536284249424216171
1	102743862060928867587762632275836560334139225093498826501095695985024602257193639006541616216600499222021154840750323723178787285326103283194617326356232099719
1	81009583548040068674966690832871134109609773631412536279710067988192474856633446139773197401550393617362833624437755243275582282660966050211140584246117587763
1	74423438544134372034725496456214944344600848945931842273229574655819102917069751331661555336383694949284554467979401158456429251550318403852511268450169048841
1	102743862060928867587762632275836560334139225093498826501095695985024602257193639006541616216600499222021154840750323723178787285326103283194617326359554036057
1	44785786026558737153640121761262090402060687861268719244067354660138929189033124695159166043133550942932298263916807776770240611552403995238679347387745007493
1	92864644555070322627400840710852275686625838065277785491374955986464544347848096794374153118850451219903736106062792595950057738660131813656673352670157280053
1	2634458001562278656096477750662475906003569874192277602592197332949348775825477923244656826066679467231311662583341633927661212444259058543451726319273631917
1	135674587080457350788968604159117509159183848520902296533498162646891461955012113047099826542433992562412550623042094147274552440879341514987763905315979356673
1	123819526073427096836534454281136367582167784087037047321833274648619392463797462392498870825133934959871648141417056794600076984880175751542231136890548152241
1	126453984074989375492630932031798843488171353961229324924425471981568741239622940315743527651200614427102959804000398428527738197324434810085682863210096900359
1	80350969047649499010942571395205515133108881162864466879062018654955137662677076658962033195033723750555005708791919834793666979549901285575277652664271069639
1	80350969047649499010942571395205515133108881162864466879062018654955137662677076658962033195033723750555005708791919834793666979549901285575277652666951582351
1	103402476561319437251786751713502179310640117562046895901743745318261939451150008487352780423117169088828982756396159131660702588437168047830480257935505470927
1	43468557025777597825591882885930852449058902924172580442771255993664254801120385733536837630100211209316642432625136959806410005330274465966953484233035820103
1	4610301502733987648168836063659332835506247279836485804536345332661360357694586365678149445616689067654795409520847859373407121777453352451040521055829465449
1	56640847033588991106074271639243231979076752295133968455732242658410998680247775349760121760433608545473200745541845129444716067551569758684212115814899115277
1	109330007064834564228003826652492750099148149778979520507576189317397974196757333814653258281767197890099433997208677807997940316436750929553246642148259342463
1	35565183021090761857302449633943424731048193301595747634994663994816208473643951963802867151900172807622707444875112058023426367997497290336598305279298606089
1	67178679039838105730460182641893135603091031791903078866101031990208393783549687042738749064700326414398447395875211665155360917328605992858019021082693179021
1	53347774531636142785953674450915137096572289952393621452491995992224312710465927945704300727850259211434061167312668087035139551996245935504897457919966585813
1	104719705562100576579834990588833417263641902499143034703039843984736613839062747448975108836150508822444638587687829948624533194659297577102206121095221711299
1	69813137041400384386556660392555611509094601666095356468693229323157742559375164965983405890767005881629759058458553299083022129772865051401470747397226949071
1	98133560558194879939593796212177227498632977813662340696559350652363241899499052640863466770983810154366359431229475863805380163548649930743576805303275062357
1	54665003532417282114001913326246375049574074889489760253788094658698987098378666907326629140883598945049716998604338903998970158218375464776623321077443215321
1	101426633060147728259714393400505322381137440156402687699799597318549927869280900044919287803567159488405499009458652906214956679103973753922891463197919398143
1	87595728551945765315207885209527323874618698316893230286190561320565846796197140947884839466717092285441112780896109328094735313771613696569769900037121930929
1	116574766569130830532269140466814558840657966933008283914704731983008683330277398103576064553450566424985541069312867301299008650658463340547738889521634020459
1	22392893013279368576820060880631045201030343930634359622033677330069464594516562347579583021566775471466149131958403888385120305776201997619339673695203594013
1	108671392564443994563979707214827131122647257310431451106928139984160637002800964333842094075250528023291606081562842399516025013325686164917383710567691993757
1	129088442076551654148727409782461319394174923835421602527017669314518090015448418238988184477267293894334271466583740062455399409768693868629134589528362493037
1	88254343052336334979232004647192942851119590785441299686838610653803183990153510428696003673233762152248940696541944736576650616882678461205632831613580166427
1	53347774531636142785953674450915137096572289952393621452491995992224312710465927945704300727850259211434061167312668087035139551996245935504897457916623013593
1	13172290007811393280482388753312379530017849370961388012960986664746743879127389616223284130333397336156558312916708169638306062221295292717258631586351905431
1	1317229000781139328048238875331237953001784937096138801296098666474674387912738961622328413033339733615655831291670816963830606222129529271725863160853187593
1	13830904508201962944506508190977998506518741839509457413609035997984081073083759097034448336850067202964386228562543578120221365332360057353121563168278252143
1	135674587080457350788968604159117509159183848520902296533498162646891461955012113047099826542433992562412550623042094147274552440879341514987763905318289153373
1	89571572053117474307280243522524180804121375722537438488134709320277858378066249390318332086267101885864596527833615553540481223104807990477358694775920022319
1	4610301502733987648168836063659332835506247279836485804536345332661360357694586365678149445616689067654795409520847859373407121777453352451040521057144849089
1	123819526073427096836534454281136367582167784087037047321833274648619392463797462392498870825133934959871648141417056794600076984880175751542231136890099427577
1	117891995569911969860317379342145796793659751870104422716000830649483357718190137065198392966483906158601196900604538118262839256880592869819464752680146676301
1	22392893013279368576820060880631045201030343930634359622033677330069464594516562347579583021566775471466149131958403888385120305776201997619339673695201300869
1	658614500390569664024119437665618976500892468548069400648049333237337193956369480811164206516669866807827915645835408481915303111064764635862931582949226837
1	65861450039056966402411943766561897650089246854806940064804933323733719395636948081116420651666986680782791564583540848191530311106476463586293157925471494833
1	87595728551945765315207885209527323874618698316893230286190561320565846796197140947884839466717092285441112780896109328094735313771613696569769900035692915063
1	88254343052336334979232004647192942851119590785441299686838610653803183990153510428696003673233762152248940696541944736576650616882678461205632831613944804187
1	9220603005467975296337672127318665671012494559672971609072690665322720715389172731356298891233378135309590819041695718746814243554906704902081042112489256603
1	95499102556632601283497318461514751592629407939470063093967153319413893123673574717618809944917130687135047768646134229877718951104390872200125078985168007737
1	23710122014060507904868299755962283154032128867730498423329775996544138982429301309201911434600115205081804963250074705348950911998331526891065536854775623891
1	133698743579285641796896245846120652229681171115258088331554014647179450373143004604666333922883982961989066876104587921828806531546147221080175110579053407867
1	52030545530855003457905435575583899143570505015297482651195897325749638322553188984081972314816919477818405336020997270071308945774116406233171594760665685991
1	18441206010935950592675344254637331342024989119345943218145381330645441430778345462712597782466756270619181638083391437493628487109813409804162084223493755649
1	25027351014841647232916538631293521107033913804826637224625874663018813370342040270824239847633454938697460794541745522312781518220461056162791400011900402859
1	49396087529292724801808957824921423237566935141105205048603699992800289546727711060837315488750240010587093673437655636143647733329857347689719868443762512389
1	87595728551945765315207885209527323874618698316893230286190561320565846796197140947884839466717092285441112780896109328094735313771613696569769900034748933403
1	27003194516013356224988896944290378036536591210470845426570022662730824952211148713257732467183464539120944541479251747758527427553655350070380194751801897559
1	54006389032026712449977793888580756073073182420941690853140045325461649904422297426515464934366929078241889082958503495517054855107310700140760389495449433571
1	117891995569911969860317379342145796793659751870104422716000830649483357718190137065198392966483906158601196900604538118262839256880592869819464752682051705443
1	78375125546477790018870213082208658203606203757220258677117870655243126080807968216528540575483714150131521961854413609347921070216706991667688857929275151231
1	43468557025777597825591882885930852449058902924172580442771255993664254801120385733536837630100211209316642432625136959806410005330274465966953484231010971513
