sieve choosen 743
number of total trys 11458
0.8727526618956188% Erfolgsquote 
1	476219183895065887695800677723247026394617516963043694844587261648255378077633756389777883350560926987229600429733148295044380512786615801239789947585123466755224585596368040455855413856048146177324560861372284034938981385027465416349648023673276138964849703589180421906944458866387640187154152542585493600541089
1	264243571551530462075108912639118776840915817339249855066203907377995362226004096533352362103055148511206668531132417651518528211363305109224517592867355094358081934690667632204163674761587690866686189258444377116947849427057922883462304696062610540523178798942776941423975279005129727177018462691312679951595731
1	589466428845721800013704497425726502183581438679865061301531793381681961888778369189786038537584562063461029800218470145695178317656603705193154630242561364337259700463797025686211274468157156548761499114991302799345202568052289509262064321985823513474783474564656253945791007011443237548733493696005212081610953
1	545909796172392602968356874463234396110903007250318381895014665791902506576799671959013671157960087034141249273108730972367948392706608357518783598451239096036476963976324339059151328078884460252054984402060910966881271343811972550449596514942536061740193562651011703161619257724883392409664516329305317184049571
1	258436020528419902469062562910786496031225359815310297812001623699358101517740270235916046452438551840630697794184452428408230888036639062867934788628512125251310903159004607320555681909684664693791987296720324872619325263825880622287308988456838880291900144020957667986085712433588414491809265709086030880256829
1	171322755181761508378367316985802283885868496956216938998967368519799190893782875774371311693189601781991136739964974081753771038136648367519192725045867588649745430184059234066435789131139272100378957870859541207691462815345246704662373374370263976822720320193668566417742213860468724213671310975686248119244573
1	351356836898188856165804158564102988986272680198343213879238162557554272849961490994897096862304098569846229585351895998172988061263295804573259656449999630959647407665613005458283567540133083460099218684305160781875711875538556801087240310149185443992358622770066042992318777578249417455156417424712467985507507
1	226494489901311824635807639404958951577927843433642732913889063466853167622289225600016310374047270152462858740970643701301595609739975807906729365314875795164070229734857970460711721224218020742873876507238037528812442366049648185824832596625094749019867541950951664077693096290111194723158682306839441960599337
1	136477449043098150742089218615808599027725751812579595473753666447975626644199917989753417789490021758535312318277182743091987098176652089379695899612809774009119240994081084764787832019721115063013746100515227741720317835952993137612399128735634015435048390662752925790404814431220848102416129082326331386280571
1	589466428845721800013704497425726502183581438679865061301531793381681961888778369189786038537584562063461029800218470145695178317656603705193154630242561364337259700463797025686211274468157156548761499114991302799345202568052289509262064321985823513474783474564656253945791007011443237548733493696005213344107023
1	284570000132417420696271136688281759674832418673038305455911900253225774704927488574379466880213236858222566110450295932404568843006636271472557407703305486231780545051488219296791649743248282471815896124478559972097683998370070797574789672682811351332654091169144398456588762005524321575250652129105966208891049
1	455892755314178929074638453674084043560700915629255244454879268773024965598710364348750778573402838640213702850415270014158339881143284638991750132749173074881525975235547453363227438874387554572194853995338101179789146813715317502237163047053075328155374411362812964874330975865993045788921963104792207606215031
1	81305714323547834484648896196651931335666405335153801558831971500921649915693568164108419108632353388063590317271513123544162526573324648992159259343801567494794441443282348370511899926642366420518827464136731420599338285248591656449939906480803243237901168905469828130453932001578377592928757751173132669442101
1	545909796172392602968356874463234396110903007250318381895014665791902506576799671959013671157960087034141249273108730972367948392706608357518783598451239096036476963976324339059151328078884460252054984402060910966881271343811972550449596514942536061740193562651011703161619257724883392409664516329305319472573431
1	467507857360400048286731153130748605180081830677134358963283836130299487015238016943623409874636031981365644324311200460378934527796616731704915741226859013095068038298873503130443424578193606917983257918786205668446195140179402024587154462264618648617931721206451511750110109009075671159340357069245510280421161
1	185841632739537907393483191306632985910094640766065832134473077716392342664442441517962100819731093458431063582334887139529514346453313483410649735642975011416673009013216796275455771260896837532614462775169671818512773223425352357599862643384693127400916957498216750012466130289322005926694303431252877190780243
1	412336122640849732029290830711591937488022484199708565048362141183245510286731667117978411193778363610893922323305530840831109956193289291317379100957850806580743238748074766736167492485114858275488339282407709347325215589475000543424695240009787876420784499449168414090159226579433200649852985738092318353646113
1	545909796172392602968356874463234396110903007250318381895014665791902506576799671959013671157960087034141249273108730972367948392706608357518783598451239096036476963976324339059151328078884460252054984402060910966881271343811972550449596514942536061740193562651011703161619257724883392409664516329305316255296713
1	592370204357277079816727672289892642588426667441834839928632935221000592242910282338504196362892860398749015168692452757250326979319936728371446032361982848890645216229628538128015270894108669635208600095853328921509464649668310639849562175788709343590422802025565890664735790297213893891338092187118535551978251
1	81305714323547834484648896196651931335666405335153801558831971500921649915693568164108419108632353388063590317271513123544162526573324648992159259343801567494794441443282348370511899926642366420518827464136731420599338285248591656449939906480803243237901168905469828130453932001578377592928757751173135891048601
1	246820918482198783256969863454121934411844444767431183303597056342083580101212617641043415151205358499478756320288521982187636241383306970154769180150826187037768840095678557553339696205878612348003583373272220383962276937361796099937317573245295559829342834177319121110306579290505789121390871744632726290721259
1	203264285808869586211622240491629828339166013337884503897079928752304124789233920410271047771580883470158975793178782808860406316433311622480398148359503918736986103608205870926279749816605916051297068660341828551498345713121479141124849766202008108094752922263674570326134830003945943982321894377932831789845511
1	351356836898188856165804158564102988986272680198343213879238162557554272849961490994897096862304098569846229585351895998172988061263295804573259656449999630959647407665613005458283567540133083460099218684305160781875711875538556801087240310149185443992358622770066042992318777578249417455156417424712469254568617
1	113247244950655912317903819702479475788963921716821366456944531733426583811144612800008155187023635076231429370485321850650797804869987903953364682657437897582035114867428985230355860612109010371436938253619018764406221183024824092912416298312547374509933770975475832038846548145055597361579341153419721215525013
1	159707653135540389166274617529137722266487581908337824490562801162524669477255223179498680391956408440839195266069043635533176391483316274806027116568181650436203367120733184299219803427333219754590553947411436719034414488881162182312381959158720656360163010350030019541963080717386098843252917011232942258571349
1	461700306337289488680684803402416324370391373153194801709081552451662226306974190646187094224019435310789673587363235237268637204469950685348332936988016043988297006767210478246835431726290580745089055957062153424117670976947359763412158754658846988386653066284632238312220542437534358474131160087018859902700981
1	603985306403498199028820371746557204207807582489713954437037502578275113659437934933376827664126053739900956642588383203470921625973268821084611640839668787104187279292954587895231256597914721980997004019301433410166512976132395162199553591000252664052980111869204437540514923440296519261756486151571844085783933
1	90017040858213673893718420789150352550202091621063137440135397018877540978089307610262892584557248393927546422693460958209608511563323718527033465702066021154950988740776885695923889204496905679860130406722809787092124530096655048212433467889460733584819151288198738287288281858890346620742553224513113031324659
1	229398265412867104438830814269125091982773072195612511540990205306171797976421138748734468199355568487750844109444626312856744271403308831085020767434297279717455745500689482902515717650169533829320977488100063650976704447665669316412330450427980579135506869411861300796637879575881851065763280797952769795359999
1	516872041056839804938125125821572992062450719630620595624003247398716203035480540471832092904877103681261395588368904856816461776073278125735869577257024250502621806318009214641111363819369329387583974593440649745238650527651761244574617976913677760583800288041915335972171424867176828983618531418172058001931339
1	357164387921299415771850508292435269795963137722282771133440446236191533558225317292333412512920695240422200322299861221283285384589961850929842460688842600066418439197276030341891560392036109632993420646029213026204236038770599062262236017754957104223637277691885316430208344149790730140365614406939120277913739
1	476219183895065887695800677723247026394617516963043694844587261648255378077633756389777883350560926987229600429733148295044380512786615801239789947585123466755224585596368040455855413856048146177324560861372284034938981385027465416349648023673276138964849703589180421906944458866387640187154152542585489653741631
1	464604081848844768483707978266582464775236601915164580336182694290980856661106103794905252049327733646077658955837217848823785866133283708526624339107437528541682522533041990688639428152242093831536156937924179546281933058563380893999656608461732818502292393745541875031165325723305014816735758578132186049040091
1	534294694126171483756264175006569834491522092202439267386610098434627985160272019364141039856726893692989307799212800526147353746053276264805617989973553157822934900912998289291935342375078407906266580478612806478224223017347888028099605099730992741277636252807373156285840124581800767039246122364852015278417769
1	243917142970643503453946688589955794006999216005461404676495914502764949747080704492325257325897060164190770951814539370632487579719973946976477778031404702484383324329847045111535699779927099261556482392410194261798014855745774969349819719442409729713703506716409484391361796004735132778786273253519400142190373
1	90017040858213673893718420789150352550202091621063137440135397018877540978089307610262892584557248393927546422693460958209608511563323718527033465702066021154950988740776885695923889204496905679860130406722809787092124530096655048212433467889460733584819151288198738287288281858890346620742553224513113026296581
1	316511530759525498529526060194109304128129935054705870354024460485730708600378533210279202958604518546390405163664104659511204121303299526433762831016941816319021218475634856156635610428714926422734006913960847315904566896146303234037266064514555482604686693239150402364981378149001541343901235531352553828787809
1	252628469505309342863016213182454215221534902291370740557799340020720840809476443938479730801821955170054727057236487205297933564709973016511351984389669156144539871627341582436947689057781638520897785334996272628290801100593838361112313280851067220060621489099138394548196145862047101806600068726859377283949707
1	371683265479075814786966382613265971820189281532131664268946155432784685328884883035924201639462186916862127164669774279059028692906626966821299471285950022833346018026433592550911542521793675065228925550339343637025546446850704715199725286769386254801833914996433500024932260578644011853388606862505749334605247
1	296185102178638539908363836144946321294213333720917419964316467610500296121455141169252098181446430199374507584346226378625163489659968364185723016180991424445322608114814269064007635447054334817604300047926664460754732324834155319924781087894354671795211401012782945332367895148606946945669046093559268507411187
1	206168061320424866014645415355795968744011242099854282524181070591622755143365833558989205596889181805446961161652765420415554978096644645658689550478925403290371619374037383368083746242557429137744169641203854673662607794737500271712347620004893938210392249724584207045079613289716600324926492869046157005998467
1	441373877756402530059522579353253341536474771819406351319373559576431813828050798605159989446861346963773776008045356956382596572826619523100293122152065652114598396406389891154207456744629989139959349091027970568967836405635211849299673778038646177577177774058264781279607059437139764075898970649225578560965181
1	267147347063085741878132087503284917245761046101219633693305049217313992580136009682070519928363446846494653899606400263073676873026638132402808994986776578911467450456499144645967671187539203953133290239306403239112111508673944014049802549865496370638818126403686578142920062290900383519623061182426009707490747
1	124862346996877031529996519159144037408344836764700480965349099090701105227672265394880786488256828417383370844381252296871392451523319996666530291135123835795577177930755034997571846315915062717225342177067123253063269509488908615262407713524090694972491080819114378914625681288138222731997735117873028094749477
1	171322755181761508378367316985802283885868496956216938998967368519799190893782875774371311693189601781991136739964974081753771038136648367519192725045867588649745430184059234066435789131139272100378957870859541207691462815345246704662373374370263976822720320193668566417742213860468724213671310975686248115168889
1	2903775511555279803023174864166140404845228761969778627101141839318630354131913148718157825308298335287985368473982611555148661663333023178291402119421484553385515765831512441803996425951513086447100980862026122164262081616021130587497853802885830115639327460909636718944783285770656342604598491113331567869133
1	522679592079950364544171475549905272872141177154560152878205531077353463743744366769268408555493700351837366325316870079926759099399944172092452381495867219609392837849672239524719356671272355560478176555164701989567174690883803505749613684519449420815078942963734609410060991438718141668827728400398710682216649
1	281666224620862140893247961824115619269987189911068526828810758413907144350795575425661309054904938522934580741976313320849420181343303248294266005583884001678395029285656706854987653317296769385368795143616533849933421916754049666987291818879925521217014763708234761737643978719753665232646053637992640065060203
1	72594387788881995075579371604153510121130719049244465677528545982965758853297828717953945632707458382199634211849565288878716541583325579457285052985537113834637894145787811045099910648787827161177524521550653054106552040400528264687446345072145752890983186522740917973619582144266408565114962277833157446947711
1	43556632673329197045347622962492106072678431429546679406517127589779455311978697230772367379624475029319780527109739173327229924949995347674371031791322268300782736487472686627059946389272696296706514712930391832463931224240316958812467807043287451734589911913644550784171749286559845139068977366699894669943909
1	299088877690193819711387011009112461699058562482887198591417609449818926475587054317970256006754728534662492952820208990180312151323301387364014418300412908998708123880645781505811631873005847904051401028788690582918994406450176450512278941697240501910850728473692582051312678434377603288273644584672598605659703
1	223590714389756544832784464540792811173082614671672954286787921627534537268157312451298152548738971817174873372496661089746446948076642784728437963195454310610684713969026458018907724798266507656426775526376011406648180284433627055237334742822208918904228214490042027358748313004340538380554083815726113888705459
1	511064490033729245332078776093240711252760262106681038369800963720078942327216714174395777254260507010685424851420939633706164452746612079379286773018181281395850774786346189757503370967466303214689772631716597500910126364419718983399622269307906100352521633120096062534281858295635516298409334435945407368102409
1	31941530627108077833254923505827544453297516381667564898112560232504933895451044635899736078391281688167839053213808727106635278296663254961205423313636330087240673424146636859843960685466643950918110789482287343806882897776232436462476391831744131272032602070006003908392616143477219768650583402246591378650967
1	258436020528419902469062562910786496031225359815310297812001623699358101517740270235916046452438551840630697794184452428408230888036639062867934788628512125251310903159004607320555681909684664693791987296720324872619325263825880622287308988456838880291900144020957667986085712433588414491809265709086030876783733
1	601081530891942919225797196882391063802962353727744175809936360738956483305306021784658669838817755404612971274114400591915772964309935797906320238720247302550801763527123075453427260171963208894549903038439407288002250894516374031612055737197366833937340784408294800821570140154525862919151887660458516275917119
1	20326428580886958621162224049162982833916601333788450389707992875230412478923392041027104777158088347015897579317878280886040631643331162248039814835950391873698610360820587092627974981660591605129706866034182855149834571312147914112484976620200810809475292226367457032613483000394594398232189437793285490368523
1	31941530627108077833254923505827544453297516381667564898112560232504933895451044635899736078391281688167839053213808727106635278296663254961205423313636330087240673424146636859843960685466643950918110789482287343806882897776232436462476391831744131272032602070006003908392616143477219768650583402246591764172377
1	528487143103060924150217825278237553681831634678499710132407814755990724452008193066704724206110297022413337062264835303037056422726610218449035185734710188716163869381335264408327349523175381733372378516888754233895698854115845766924609392125221081046357597885553882847950558010259454354036925382625362980728813
1	598177755380387639422774022018224923398117124965774397182835218899637852951174108635940512013509457069324985905640417980360624302646602774728028836600825817997416247761291563011623263746011695808102802057577381165837988812900352901024557883394481003821701456947385164102625356868755206576547289169345188829467489
1	69690612277326715272556196739987369716285490287274687050427404143647128499165915569235787807399160046911648843375582677323567879919992556278993650866115629281252378379956298603295914222836314074730423540688626931942289958784507134099948491269259922775343859061831281254674798858495752222510363786719831687270493
1	275858673597751581287201612095783338460296732387128969574608474735269883642531749128224993404288341852358610005028348097739122858016637201937683201345041032571623997753993681971379660465393743212474593181892481605604897753522007405812296111274153860985736108786415488299754412148212352547436856655765987770111489
1	301992653201749099514410185873278602103903791244856977218518751289137556829718967466688413832063026869950478321294191601735460812986634410542305820419834393552093639646477293947615628298957360990498502009650716705083256488066197581099776795500126332026490055934602218770257461720148259630878243075785919871736191
1	365875714455965255180920032884933691010498824008192107014743871754147424620621056738487885988845590246286156427721809055948731369579960920464716667047107053726574986494770567667303549669890648892334723588615291392697022283618662454024729579163614594570555260074614226587042694007102699168179409880279095114481171
1	272954898086196301484178437231617198055451503625159190947507332895951253288399835979506835578980043517070624636554365486183974196353304178759391799225619548018238481988162169529575664039442230126027492201030455483440635671905986275224798257471268030870096781325505851580809628862441696204832258164652659332332967
1	435566326733291970453476229624921060726784314295466794065171275897794553119786972307723673796244750293197805271097391733272299249499953476743710317913222683007827364874726866270599463892726962967065147129303918324639312242403169588124678070432874517345899119136445507841717492865598451390689773666998927530969293
1	8711326534665839409069524592498421214535686285909335881303425517955891062395739446154473475924895005863956105421947834665445984989999069534874206358264453660156547297494537325411989277854539259341302942586078366492786244848063391762493561408657490346917982382728910156834349857311969027813795473339979910505221
1	348453061386633576362780983699936848581427451436373435252137020718235642495829577846178939036995800234558244216877913386617839399599962781394968254330578146406261891899781493016479571114181570373652117703443134659711449793922535670499742456346299613876719295309156406273373994292478761112551818933599141448068863
1	72594387788881995075579371604153510121130719049244465677528545982965758853297828717953945632707458382199634211849565288878716541583325579457285052985537113834637894145787811045099910648787827161177524521550653054106552040400528264687446345072145752890983186522740917973619582144266408565114962277833154223955899
1	467507857360400048286731153130748605180081830677134358963283836130299487015238016943623409874636031981365644324311200460378934527796616731704915741226859013095068038298873503130443424578193606917983257918786205668446195140179402024587154462264618648617931721206451511750110109009075671159340357069245511205071273
1	406528571617739172423244480983259656678332026675769007794159857504608249578467840820542095543161766940317951586357565617720812632866623244960796296719007837473972207216411741852559499633211832102594137320683657102996691426242958282249699532404016216189505844527349140652269660007891887964643788755865662113518467
1	188745408251093187196506366170799126314939869528035610761574219555710973018574354666680258645039391793719048950808869751084663008116646506588941137762396495970058524779048308717259767686848350619061563756031697940677035305041373488187360497187578957516556284959126386731410913575092662269298901922366203733874673
1	177130306204872067984413666714134564695558954480156496253169652198436451602046702071807627343806198452567107476912939304864068361463314413875775529284710557756516461715722258950043781983042298273273159832583593452019986978577288965837369081976035637053998975115487839855631780432010036898880507957912897455075607
1	528487143103060924150217825278237553681831634678499710132407814755990724452008193066704724206110297022413337062264835303037056422726610218449035185734710188716163869381335264408327349523175381733372378516888754233895698854115845766924609392125221081046357597885553882847950558010259454354036925382625362596742679
1	441373877756402530059522579353253341536474771819406351319373559576431813828050798605159989446861346963773776008045356956382596572826619523100293122152065652114598396406389891154207456744629989139959349091027970568967836405635211849299673778038646177577177774058264781279607059437139764075898970649225574946751107
1	133573673531542870939066043751642458622880523050609816846652524608656996290068004841035259964181723423247326949803200131536838436513319066201404497493388289455733725228249572322983835593769601976566645119653201619556055754336972007024901274932748185319409063201843289071460031145450191759811530591213004250398087
1	145188775577763990151158743208307020242261438098488931355057091965931517706595657435907891265414916764399268423699130577757433083166651158914570105971074227669275788291575622090199821297575654322355049043101306108213104080801056529374892690144291505781966373045481835947239164288532817130229924555666312789094597
1	412336122640849732029290830711591937488022484199708565048362141183245510286731667117978411193778363610893922323305530840831109956193289291317379100957850806580743238748074766736167492485114858275488339282407709347325215589475000543424695240009787876420784499449168414090159226579433200649852985738092318349059767
1	63883061254216155666509847011655088906595032763335129796225120465009867790902089271799472156782563376335678106427617454213270556593326509922410846627272660174481346848293273719687921370933287901836221578964574687613765795552464872924952783663488262544065204140012007816785232286954439537301166804493179003623991
1	345549285875078296559757808835770708176582222674403656625035878878917012141697664697460781211687501899270258848403930775062690737936629758216676852211156661852876376133949980574675574688230057287205016722581108537547187712306514539912244602543413783761079967848246769554429211006708104769947220442485816962177407
1	101632142904434793105811120245814914169583006668942251948539964376152062394616960205135523885790441735079487896589391404430203158216655811240199074179751959368493051804102935463139874908302958025648534330170914275749172856560739570562424883101004054047376461131837285163067415001972971991160947188966415701712777
1	49364183696439756651393972690824386882368888953486236660719411268416716020242523528208683030241071699895751264057704396437527248276661394030953836030165237407553768019135711510667939241175722469600716674654444076792455387472359219987463514649059111965868566835463824222061315858101157824278174348926545972790463
1	412336122640849732029290830711591937488022484199708565048362141183245510286731667117978411193778363610893922323305530840831109956193289291317379100957850806580743238748074766736167492485114858275488339282407709347325215589475000543424695240009787876420784499449168414090159226579433200649852985738092315393319353
1	461700306337289488680684803402416324370391373153194801709081552451662226306974190646187094224019435310789673587363235237268637204469950685348332936988016043988297006767210478246835431726290580745089055957062153424117670976947359763412158754658846988386653066284632238312220542437534358474131160087018859898335867
1	121958571485321751726973344294977897003499608002730702338247957251382474873540352246162628662948530082095385475907269685316243789859986973488238889015702351242191662164923522555767849889963549630778241196205097130899007427872887484674909859721204864856851753358204742195680898002367566389393136626759700652884243
1	209071836831980145817668590219962109148856470861824061151282212430941385497497746707707363422197480140734946530126748031970703639759977668836980952598346887843757135139868895809887742668508942224191270622065880795826869876353521402299845473807779768326031577185493843764024396575487256667531091360159486761679959
1	249724693993754063059993038318288074816689673529400961930698198181402210455344530789761572976513656834766741688762504593742784903046639993333060582270247671591154355861510069995143692631830125434450684354134246506126539018977817230524815427048181389944982161638228757829251362576276445463995470235746052826552093
1	336837959340412457150688284243272286962046536388494320743732453360961121079301925251306307735762606893406302742981982940397244752946630688681802645852892208192719828836455443249263585410375518027863713779995030171054401467458451148149751041134756293414161985465517859397594861149396135742133424969145836860703213
1	145188775577763990151158743208307020242261438098488931355057091965931517706595657435907891265414916764399268423699130577757433083166651158914570105971074227669275788291575622090199821297575654322355049043101306108213104080801056529374892690144291505781966373045481835947239164288532817130229924555666312786633301
1	406528571617739172423244480983259656678332026675769007794159857504608249578467840820542095543161766940317951586357565617720812632866623244960796296719007837473972207216411741852559499633211832102594137320683657102996691426242958282249699532404016216189505844527349140652269660007891887964643788755865666062508833
1	235205816435977664044877163997457372792463529719552068795192488984809058684684965046170783849972165158326814846392591535967041594729974877441603571673140248824226777032352507786123710502072560002215179449824115895305228610897711577587326158033752239366785524333680574234527446147423163750972477780179419410720481
1	307800204224859659120456535601610882913594248768796534472721034967774817537982793764124729482679623540526449058242156824845758136313300456898888624658677362658864671178140318831223621150860387163392703971374768949411780651298239842274772503105897992257768710856421492208147028291689572316087440058012575778229337
1	107439693927545352711857469974147194979273464192881809202742248054789323102880786502571839536407038405655458633537356627540500481543321857596781878418594928475264083335765960346747867760205984198542736291894966520077697019792781831737420590706775714278655116053656558600956981573514284676370144171193072874252711
1	540102245149282043362310524734902115301212549726378824640812382113265245868535845661577355507343490363565278536160765749257651069379942311162200794212396126929705932444661314175543335226981434079160782440336858722552747180579930289274600807336764401508914907729192429723729691153342079724455319347078664888538119
1	241013367459088223650923513725789653602153987243491626049394772663446319392948791343607099500588761828902785583340556759077338918056640923798186375911983217930997808564015532669731703353975586175109381411548168139633752774129753838762321865639523899598064179255499847672417012718964476436181674762406075651898083
1	534294694126171483756264175006569834491522092202439267386610098434627985160272019364141039856726893692989307799212800526147353746053276264805617989973553157822934900912998289291935342375078407906266580478612806478224223017347888028099605099730992741277636252807373156285840124581800767039246122364852015274000501
1	540102245149282043362310524734902115301212549726378824640812382113265245868535845661577355507343490363565278536160765749257651069379942311162200794212396126929705932444661314175543335226981434079160782440336858722552747180579930289274600807336764401508914907729192429723729691153342079724455319347078663957732359
1	84209489835103114287672071060818071740511634097123580185933113340240280269825481312826576933940651723351575685745495735099311188236657672170450661463223052048179957209113860812315896352593879506965928444998757542763600366864612787037437760283689073353540496366379464849398715287349033935533356242286460737026181
1	386202143036852213802082256934096673844415425341980557404451864629377837099544448779514990766003678593302054007039687336834772001223292082712756481883057445600273596855591154759931524651551240497464430454649474247846856854930810368137214555783815405380030552300981683619656177007497293566411599318072381368919401
1	287473775643972700499294311552447900079677647435008084083013042092544405059059401723097624705521535193510551478924278543959717504669969294650848809822726970785166060817319731738595646169199795558262997105340586094261946079986091928162287526485697181448293418630054035175533545291294977917855250620219294013847939
