sieve choosen 743
number of total trys 10364
0.9648784253184098% Erfolgsquote 
1	165515204158650948772320967257470003076178039432277381744765084841161930185519049476934996042573005111415166003017008858643473714809982321162609920807024619542974398652396209182827796279236245927484755909135488963362938652113204443487377666764492316591441665271849292979852647288927411528462113993459594160516297
1	249724693993754063059993038318288074816689673529400961930698198181402210455344530789761572976513656834766741688762504593742784903046639993333060582270247671591154355861510069995143692631830125434450684354134246506126539018977817230524815427048181389944982161638228757829251362576276445463995470235746052441532879
1	136477449043098150742089218615808599027725751812579595473753666447975626644199917989753417789490021758535312318277182743091987098176652089379695899612809774009119240994081084764787832019721115063013746100515227741720317835952993137612399128735634015435048390662752925790404814431220848102416129082326329471959529
1	69690612277326715272556196739987369716285490287274687050427404143647128499165915569235787807399160046911648843375582677323567879919992556278993650866115629281252378379956298603295914222836314074730423540688626931942289958784507134099948491269259922775343859061831281254674798858495752222510363786719831812441833
1	362971938944409975377896858020767550605653595246222328387642729914828794266489143589769728163537291910998171059247826444393582707916627897286425264927685569173189470728939055225499553243939135805887622607753265270532760202002641323437231725360728764454915932613704589868097910721332042825574811389165768967488823
1	113247244950655912317903819702479475788963921716821366456944531733426583811144612800008155187023635076231429370485321850650797804869987903953364682657437897582035114867428985230355860612109010371436938253619018764406221183024824092912416298312547374509933770975475832038846548145055597361579341153419720287471221
1	339741734851967736953711459107438427366891765150464099370833595200279751433433838400024465561070905228694288111455965551952393414609963711860094047972313692746105344602286955691067581836327031114310814760857056293218663549074472278737248894937642123529801312926427496116539644435166792084738023460259159788016821
1	2903775511555279803023174864166140404845228761969778627101141839318630354131913148718157825308298335287985368473982611555148661663333023178291402119421484553385515765831512441803996425951513086447100980862026122164262081616021130587497853802885830115639327460909636718944783285770656342604598491113327614054527
1	389105918548407493605105431798262814249260654103950336031553006468696467453676361928233148591311976928590039375513669948389920662886625105891047884002478930153659112621422667201735521077502753583911531435511500370011118936546831498724712409586701235495669879761891320338600960293267949909016197809185705229241911
1	58075510231105596060463497283322808096904575239395572542022836786372607082638262974363156506165966705759707369479652231102973233266660463565828042388429691067710315316630248836079928519030261728942019617240522443285241632320422611749957076057716602312786549218192734378895665715413126852091969822266524416588211
1	392009694059962773408128606662428954654105882865920114658654148308015097807808275076951306416620275263878024743987652559945069324549958129069339286121900414707044628387254179643539517503454266670358632416373526492175381018162852629312210263389587065611309207222800957057545743579038606251620796300299030438181623
1	328126632805746617741618759650773865747510850102584984862429027843005230016906185805151834259837711887542346637560035105731798767956631619146928439494627754532563281538960905923851596132520978768522410837408951804561615222610387756387257479726098803067244003082788949240760511292084166714319629495805858421604739
1	272954898086196301484178437231617198055451503625159190947507332895951253288399835979506835578980043517070624636554365486183974196353304178759391799225619548018238481988162169529575664039442230126027492201030455483440635671905986275224798257471268030870096781325505851580809628862441696204832258164652661614084483
1	479122959406621167498823852587413166799462745725013473471688403487574008431765669538496041175869225322517585798207130906599529174449948824418081349704544951308610101362199552897659410281999659263771661842234310157103243466643486546937145877476161969080489031050090058625889242152158296529758751033698816782275677
1	258436020528419902469062562910786496031225359815310297812001623699358101517740270235916046452438551840630697794184452428408230888036639062867934788628512125251310903159004607320555681909684664693791987296720324872619325263825880622287308988456838880291900144020957667986085712433588414491809265709086030880707037
1	360068163432854695574873683156601410200808366484252549760541588075510163912357230441051570338228993575710185690773843832838434046253294874108133862808264084619803954963107542783695556817987622719440521626891239148368498120386620192849733871557842934339276605152794953149153127435561386482970212898052446043413339
1	470411632871955328089754327994914745584927059439104137590384977969618117369369930092341567699944330316653629692785183071934083189459949754883207143346280497648453554064705015572247421004145120004430358899648231790610457221795423155174652316067504478733571048667361148469054892294846327501944955560358837353135083
1	525583367591505644347194650414071413276986405916529931505306672916672094097876279917986566380801998687125351693790852691481907761063277195270743783615288704162778353615503751966523353097223868646925277536026728111731436772499824636337111538322335250930718270424644246129005774724488798011432326891512034157645687
1	278762449109306861090224786959949478865141961149098748201709616574588513996663662276943151229596640187646595373502330709294271519679970225115974603464462517125009513519825194413183656891345256298921694162754507727769159835138028536399793965077039691101375436247325125018699195433983008890041455146879314422837099
1	461700306337289488680684803402416324370391373153194801709081552451662226306974190646187094224019435310789673587363235237268637204469950685348332936988016043988297006767210478246835431726290580745089055957062153424117670976947359763412158754658846988386653066284632238312220542437534358474131160087018861202642843
1	531390918614616203953241000142403694086676863440469488759508956595309354806140106215422882031418595357701322430738817914592205084389943241627326587854131673269549385147166776850131345949126894819819479497750780356059960935731866897512107245928106911161996925346463519566895341296030110696641523873738688742167437
1	121958571485321751726973344294977897003499608002730702338247957251382474873540352246162628662948530082095385475907269685316243789859986973488238889015702351242191662164923522555767849889963549630778241196205097130899007427872887484674909859721204864856851753358204742195680898002367566389393136626759700652126649
1	313607755247970218726502885329943163723284706292736091726923318646412078246246620061561045133296220211102419795190122047956055459639966503255471428897520331765635702709803343714831614002763413336286905933098821193740304814530282103449768210711669652489047365778240765646036594863230885001296637040239225393060549
1	333934183828857177347665109379106146557201307626524542116631311521642490725170012102588149910454308558118317374508000328842096091283297665503511243733470723639334313070623930807459588984424004941416612799133004048890139385842430017562253187331870463298522658004608222678650077863625479399528826478032512373792381
1	447181428779513089665568929081585622346165229343345908573575843255069074536314624902596305097477943634349746744993322179492893896153285569456875926390908621221369427938052916037815449596533015312853551052752022813296360568867254110474669485644417837808456428980084054717496626008681076761108167631452227241989861
1	136477449043098150742089218615808599027725751812579595473753666447975626644199917989753417789490021758535312318277182743091987098176652089379695899612809774009119240994081084764787832019721115063013746100515227741720317835952993137612399128735634015435048390662752925790404814431220848102416129082326329472065873
1	560428673730169001983472748784065098135129151060167275030520374988495658347459237702604460284501578710581176115478644030143691701023273473410240609048346518803404542805481901268171310208642025684290489306371041577702581751892078203387085783956965212318390199955559886756343174153736674122687508784871946998296827
1	43556632673329197045347622962492106072678431429546679406517127589779455311978697230772367379624475029319780527109739173327229924949995347674371031791322268300782736487472686627059946389272696296706514712930391832463931224240316958812467807043287451734589911913644550784171749286559845139068977366699894673246909
1	511064490033729245332078776093240711252760262106681038369800963720078942327216714174395777254260507010685424851420939633706164452746612079379286773018181281395850774786346189757503370967466303214689772631716597500910126364419718983399622269307906100352521633120096062534281858295635516298409334435945406219651757
1	577851326799500680801611797969061940564200523631985946793127226024407440472250716594913407236351368722309088326322539699474583671003271612479989021764875426123717637400470975918995288764351104202973095191543198310688154241588204986912072906774280193012226164721017707070011873868360612178315099731551903879717839
1	243917142970643503453946688589955794006999216005461404676495914502764949747080704492325257325897060164190770951814539370632487579719973946976477778031404702484383324329847045111535699779927099261556482392410194261798014855745774969349819719442409729713703506716409484391361796004735132778786273253519400658398297
1	389105918548407493605105431798262814249260654103950336031553006468696467453676361928233148591311976928590039375513669948389920662886625105891047884002478930153659112621422667201735521077502753583911531435511500370011118936546831498724712409586701235495669879761891320338600960293267949909016197809185705227419747
1	52267959207995036454417147554990527287214117715456015287820553107735346374374436676926840855549370035183736632531687007992675909939994417209245238149586721960939283784967223952471935667127235556047817655516470198956717469088380350574961368451944942081507894296373460941006099143871814166882772840039874798133237
1	23230204092442238424185398913329123238761830095758229016809134714549042833055305189745262602466386682303882947791860892441189293306664185426331216955371876427084126126652099534431971407612104691576807846896208977314096652928169044699982830423086640925114619687277093751558266286165250740836787928906614592511801
1	421047449175515571438360355304090358702558170485617900929665566701201401349127406564132884669703258616757878428727478675496555941183288360852253307316115260240899786045569304061579481762969397534829642224993787713818001834323063935187188801418445366767702481831897324246993576436745169677666781211432295138623977
1	139381224554653430545112393479974739432570980574549374100854808287294256998331831138471575614798320093823297686751165354647135759839985112557987301732231258562504756759912597206591828445672628149460847081377253863884579917569014268199896982538519845550687718123662562509349597716991504445020727573439655615990007
1	113247244950655912317903819702479475788963921716821366456944531733426583811144612800008155187023635076231429370485321850650797804869987903953364682657437897582035114867428985230355860612109010371436938253619018764406221183024824092912416298312547374509933770975475832038846548145055597361579341153419722213032231
1	606889081915053478831843546610723344612652811251683733064138644417593744013569848082094985489434352075188942011062365815026070287636601844262903042959090271657572795058786100337035253023866235067444105000163459532330775057748416292787051444803138494168619439330114074259459706726067175604361084642685170233568761
1	116151020462211192120926994566645616193809150478791145084045673572745214165276525948726313012331933411519414738959304462205946466533320927131656084776859382135420630633260497672159857038060523457884039234481044886570483264640845223499914152115433204625573098436385468757791331430826253704183939644533050042172561
1	479122959406621167498823852587413166799462745725013473471688403487574008431765669538496041175869225322517585798207130906599529174449948824418081349704544951308610101362199552897659410281999659263771661842234310157103243466643486546937145877476161969080489031050090058625889242152158296529758751033698815799848309
1	255532245016864622666039388046620355626380131053340519184900481860039471163608357087197888627130253505342712425710469816853082226373306039689643386509090640697925387393173094878751685483733151607344886315858298750455063182209859491699811134653953050176260816560048031267140929147817758149204667217972705251553449
1	46460408184884476848370797826658246477523660191516458033618269429098085666110610379490525204932773364607765895583721784882378586613328370852662433910743752854168252253304199068863942815224209383153615693792417954628193305856338089399965660846173281850229239374554187503116532572330501481673575857813222506485081
1	415239898152405011832314005575758077892867712961678343675463283022564140640863580266696569019086661946181907691779513452386258617856622314495670503077272291134128754513906279177971488911066371361935440263269735469489477671091021674012193093812673706536423826910078050809104009865203856992457584229205642842726059
1	479122959406621167498823852587413166799462745725013473471688403487574008431765669538496041175869225322517585798207130906599529174449948824418081349704544951308610101362199552897659410281999659263771661842234310157103243466643486546937145877476161969080489031050090058625889242152158296529758751033698818476050629
1	598177755380387639422774022018224923398117124965774397182835218899637852951174108635940512013509457069324985905640417980360624302646602774728028836600825817997416247761291563011623263746011695808102802057577381165837988812900352901024557883394481003821701456947385164102625356868755206576547289169345190643443511
1	313607755247970218726502885329943163723284706292736091726923318646412078246246620061561045133296220211102419795190122047956055459639966503255471428897520331765635702709803343714831614002763413336286905933098821193740304814530282103449768210711669652489047365778240765646036594863230885001296637040239224465137521
1	37749081650218637439301273234159825262987973905607122152314843911142194603714870933336051729007878358743809790161773950216932601623329301317788227552479299194011704955809661743451953537369670123812312751206339588135407061008274697637472099437515791503311256991825277346282182715018532453859780384473241387763487
1	580755102311055960604634972833228080969045752393955725420228367863726070826382629743631565061659667057597073694796522311029732332666604635658280423884296910677103153166302488360799285190302617289420196172405224432852416323204226117499570760577166023127865492181927343788956657154131268520919698222665233249523543
1	14518877557776399015115874320830702024226143809848893135505709196593151770659565743590789126541491676439926842369913057775743308316665115891457010597107422766927578829157562209019982129757565432235504904310130610821310408080105652937489269014429150578196637304548183594723916428853281713022992455566634500352019
1	127766122508432311333019694023310177813190065526670259592450240930019735581804178543598944313565126752671356212855234908426541113186653019844821693254545320348962693696586547439375842741866575803672443157929149375227531591104929745849905567326976525088130408280024015633570464573908879074602333608986354631565713
1	182937857227982627590460016442466845505249412004096053507371935877073712310310528369243942994422795123143078213860904527974365684789980460232358333523553526863287493247385283833651774834945324446167361794307645696348511141809331227012364789581807297285277630037307113293521347003551349584089704940139547824102003
1	174226530693316788181390491849968424290713725718186717626068510359117821247914788923089469518497900117279122108438956693308919699799981390697484127165289073203130945949890746508239785557090785186826058851721567329855724896961267835249871228173149806938359647654578203136686997146239380556275909466799572604940657
1	52267959207995036454417147554990527287214117715456015287820553107735346374374436676926840855549370035183736632531687007992675909939994417209245238149586721960939283784967223952471935667127235556047817655516470198956717469088380350574961368451944942081507894296373460941006099143871814166882772840039874925736233
1	34845306138663357636278098369993684858142745143637343525213702071823564249582957784617893903699580023455824421687791338661783939959996278139496825433057814640626189189978149301647957111418157037365211770344313465971144979392253567049974245634629961387671929530915640627337399429247876111255181893359914310531973
1	511064490033729245332078776093240711252760262106681038369800963720078942327216714174395777254260507010685424851420939633706164452746612079379286773018181281395850774786346189757503370967466303214689772631716597500910126364419718983399622269307906100352521633120096062534281858295635516298409334435945403416079841
1	316511530759525498529526060194109304128129935054705870354024460485730708600378533210279202958604518546390405163664104659511204121303299526433762831016941816319021218475634856156635610428714926422734006913960847315904566896146303234037266064514555482604686693239150402364981378149001541343901235531352550609137511
1	543006020660837323165333699599068255706057778488348603267913523952583876222667758810295513332651788698853263904634748360812799731043275334340492196331817611483091448210492826617347331652932947165607883421198884844717009262195951419862098661139650231624554235190102066442674474439112736067059917838191993720096403
1	235205816435977664044877163997457372792463529719552068795192488984809058684684965046170783849972165158326814846392591535967041594729974877441603571673140248824226777032352507786123710502072560002215179449824115895305228610897711577587326158033752239366785524333680574234527446147423163750972477780179422089305339
1	540102245149282043362310524734902115301212549726378824640812382113265245868535845661577355507343490363565278536160765749257651069379942311162200794212396126929705932444661314175543335226981434079160782440336858722552747180579930289274600807336764401508914907729192429723729691153342079724455319347078664892210053
1	214879387855090705423714939948294389958546928385763618405484496109578646205761573005143679072814076811310917267074713255081000963086643715193563756837189856950528166671531920693495735520411968397085472583789933040155394039585563663474841181413551428557310232107313117201913963147028569352740288342386136383955773
1	153900102112429829560228267800805441456797124384398267236360517483887408768991396882062364741339811770263224529121078412422879068156650228449444312329338681329432335589070159415611810575430193581696351985687384474705890325649119921137386251552948996128884355428210746104073514145844786158043720029006288270591423
1	479122959406621167498823852587413166799462745725013473471688403487574008431765669538496041175869225322517585798207130906599529174449948824418081349704544951308610101362199552897659410281999659263771661842234310157103243466643486546937145877476161969080489031050090058625889242152158296529758751033698816783516669
1	23230204092442238424185398913329123238761830095758229016809134714549042833055305189745262602466386682303882947791860892441189293306664185426331216955371876427084126126652099534431971407612104691576807846896208977314096652928169044699982830423086640925114619687277093751558266286165250740836787928906611636565783
1	458796530825734208877661628538250183965546144391225023081980410612343595952842277497468936398711136975501688218889252625713488542806617662170041534868594559434911491001378965805031435300339067658641954976200127301953408895331338632824660900855961158271013738823722601593275759151763702131526561595905535050630731
1	270051122574641021681155262367451057650606274863189412320406191056632622934267922830788677753671745181782639268080382874628825534689971155581100397106198063464852966222330657087771667613490717039580391220168429361276373590289965144637300403668382200754457453864596214861864845576671039862227659673539335473794179
1	235205816435977664044877163997457372792463529719552068795192488984809058684684965046170783849972165158326814846392591535967041594729974877441603571673140248824226777032352507786123710502072560002215179449824115895305228610897711577587326158033752239366785524333680574234527446147423163750972477780179422085060503
1	145188775577763990151158743208307020242261438098488931355057091965931517706595657435907891265414916764399268423699130577757433083166651158914570105971074227669275788291575622090199821297575654322355049043101306108213104080801056529374892690144291505781966373045481835947239164288532817130229924555666307910801303
1	171322755181761508378367316985802283885868496956216938998967368519799190893782875774371311693189601781991136739964974081753771038136648367519192725045867588649745430184059234066435789131139272100378957870859541207691462815345246704662373374370263976822720320193668566417742213860468724213671310975686244167466651
1	377490816502186374393012732341598252629879739056071221523148439111421946037148709333360517290078783587438097901617739502169326016233293013177882275524792991940117049558096617434519535373696701238123127512063395881354070610082746976374720994375157915033112569918252773462821827150185324538597803844732400638874021
1	409432347129294452226267655847425797083177255437738786421260999343926879932599753969260253368470065275605936954831548229275961294529956268139087698838429322027357722982243254294363496059163345189041238301545683225160953507858979412837197386206902046305145171988258777371214443293662544307248387246978989244371647
1	95824591881324233499764770517482633359892549145002694694337680697514801686353133907699208235173845064503517159641426181319905834889989764883616269940908990261722020272439910579531882056399931852754332368446862031420648693328697309387429175495232393816097806210018011725177848430431659305951750206739767009561661
1	467507857360400048286731153130748605180081830677134358963283836130299487015238016943623409874636031981365644324311200460378934527796616731704915741226859013095068038298873503130443424578193606917983257918786205668446195140179402024587154462264618648617931721206451511750110109009075671159340357069245511208375209
1	177130306204872067984413666714134564695558954480156496253169652198436451602046702071807627343806198452567107476912939304864068361463314413875775529284710557756516461715722258950043781983042298273273159832583593452019986978577288965837369081976035637053998975115487839855631780432010036898880507957912900413340527
1	104535918415990072908834295109981054574428235430912030575641106215470692748748873353853681711098740070367473265063374015985351819879988834418490476299173443921878567569934447904943871334254471112095635311032940397913434938176760701149922736903889884163015788592746921882012198287743628333765545680079743771293263
1	220686938878201265029761289676626670768237385909703175659686779788215906914025399302579994723430673481886888004022678478191298286413309761550146561076032826057299198203194945577103728372314994569979674545513985284483918202817605924649836889019323088788588887029132390639803529718569882037949485324612791474436559
1	281666224620862140893247961824115619269987189911068526828810758413907144350795575425661309054904938522934580741976313320849420181343303248294266005583884001678395029285656706854987653317296769385368795143616533849933421916754049666987291818879925521217014763708234761737643978719753665232646053637992637771197411
1	394913469571518053211151781526595095058951111627889893285755290147333728161940188225669464241928573599166010112461635171500217986213291152247630688241321899260430144153085692085343513929405779756805733397235552614339643099778873759899708117192472895726948534683710593776490526864809262594225394791412360202334303
1	182937857227982627590460016442466845505249412004096053507371935877073712310310528369243942994422795123143078213860904527974365684789980460232358333523553526863287493247385283833651774834945324446167361794307645696348511141809331227012364789581807297285277630037307113293521347003551349584089704940139547827220439
1	145188775577763990151158743208307020242261438098488931355057091965931517706595657435907891265414916764399268423699130577757433083166651158914570105971074227669275788291575622090199821297575654322355049043101306108213104080801056529374892690144291505781966373045481835947239164288532817130229924555666308838341143
1	261339796039975182272085737774952636436070588577280076439102765538676731871872183384634204277746850175918683162658435039963379549699972086046226190747933609804696418924836119762359678335636177780239088277582350994783587345441901752874806842259724710407539471481867304705030495719359070834413864200199357542968937
1	238109591947532943847900338861623513197308758481521847422293630824127689038816878194888941675280463493614800214866574147522190256393307900619894973792561733377612292798184020227927706928024073088662280430686142017469490692513732708174824011836638069482424851794590210953472229433193820093577076271292747852969251
1	217783163366645985226738114812460530363392157147733397032585637948897276559893486153861836898122375146598902635548695866636149624749976738371855158956611341503913682437363433135299731946363481483532573564651959162319656121201584794062339035216437258672949559568222753920858746432799225695344886833499461596719833
1	232302040924422384241853989133291232387618300957582290168091347145490428330553051897452626024663866823038829477918608924411892933066641854263312169553718764270841261266520995344319714076121046915768078468962089773140966529281690446999828304230866409251146196872770937515582662861652507408367879289066097216528453
1	124862346996877031529996519159144037408344836764700480965349099090701105227672265394880786488256828417383370844381252296871392451523319996666530291135123835795577177930755034997571846315915062717225342177067123253063269509488908615262407713524090694972491080819114378914625681288138222731997735117873028616252159
1	508160714522173965529055601229074570847915033344711259742699821880760311973084801025677619428952208675397439482946957022151015791083279056200995370898759796842465259020514677315699374541514790128242671650854571378745864282803697852812124415505020270236882305659186425815337075009864859955804735944832076344620487
1	400721020594628612817198131254927375868641569151829450539957573825970988870204014523105779892545170269741980849409600394610515309539957198604213492480164868367201175684748716968951506781308805929699935358959604858668167263010916021074703824798244555958227189605529867214380093436350575279434591773639008881667903
1	159707653135540389166274617529137722266487581908337824490562801162524669477255223179498680391956408440839195266069043635533176391483316274806027116568181650436203367120733184299219803427333219754590553947411436719034414488881162182312381959158720656360163010350030019541963080717386098843252917011232942381461659
1	601081530891942919225797196882391063802962353727744175809936360738956483305306021784658669838817755404612971274114400591915772964309935797906320238720247302550801763527123075453427260171963208894549903038439407288002250894516374031612055737197366833937340784408294800821570140154525862919151887660458513988223209
1	412336122640849732029290830711591937488022484199708565048362141183245510286731667117978411193778363610893922323305530840831109956193289291317379100957850806580743238748074766736167492485114858275488339282407709347325215589475000543424695240009787876420784499449168414090159226579433200649852985738092314401522641
1	601081530891942919225797196882391063802962353727744175809936360738956483305306021784658669838817755404612971274114400591915772964309935797906320238720247302550801763527123075453427260171963208894549903038439407288002250894516374031612055737197366833937340784408294800821570140154525862919151887660458516665690467
1	26133979603997518227208573777495263643607058857728007643910276553867673187187218338463420427774685017591868316265843503996337954969997208604622619074793360980469641892483611976235967833563617778023908827758235099478358734544190175287480684225972471040753947148186730470503049571935907083441386420019939595785299
1	200360510297314306408599065627463687934320784575914725269978786912985494435102007261552889946272585134870990424704800197305257654769978599302106746240082434183600587842374358484475753390654402964849967679479802429334083631505458010537351912399122277979113594802764933607190046718175287639717295886819508449610011
1	595273979868832359619750847154058782993271896203804618555734077060319222597042195487222354188201158734037000537166435368805475640983269751549737434481404333444030731995460050569819267320060182721655701076715355043673726731284331770437060029591595173706062129486475527383680573582984550233942690678231864370433803
1	415239898152405011832314005575758077892867712961678343675463283022564140640863580266696569019086661946181907691779513452386258617856622314495670503077272291134128754513906279177971488911066371361935440263269735469489477671091021674012193093812673706536423826910078050809104009865203856992457584229205640558224127
1	450085204291068369468592103945751762751010458105315687200676985094387704890446538051314462922786241969637732113467304791048042557816618592635167328510330105774754943703884428479619446022484528399300652033614048935460622650483275241062167339447303667924095756440993691436441409294451733103712766122565555307735833
1	46460408184884476848370797826658246477523660191516458033618269429098085666110610379490525204932773364607765895583721784882378586613328370852662433910743752854168252253304199068863942815224209383153615693792417954628193305856338089399965660846173281850229239374554187503116532572330501481673575857813219831086233
1	63883061254216155666509847011655088906595032763335129796225120465009867790902089271799472156782563376335678106427617454213270556593326509922410846627272660174481346848293273719687921370933287901836221578964574687613765795552464872924952783663488262544065204140012007816785232286954439537301166804493179389872917
1	110343469439100632514880644838313335384118692954851587829843389894107953457012699651289997361715336740943444002011339239095649143206654880775073280538016413028649599101597472788551864186157497284989837272756992642241959101408802962324918444509661544394294443514566195319901764859284941018974742662306395067607851
1	310703979736414938923479710465777023318439477530766313099822176807093447892114706912842887307987921875814434426716139436400906797976633480077180026778098847212250186943971831273027617576811900249839804952236795071576042732914260972862270356908783822373408038317331128927091811577460228658692038549125903190971143
1	142285000066208710348135568344140879837416209336519152727955950126612887352463744287189733440106618429111283055225147966202284421503318135736278703851652743115890272525744109648395824871624141235907948062239279986048841999185035398787394836341405675666327045584572199228294381002762160787625326064552985497490563
