sieve choosen 743
number of total trys 10796
0.9262689885142646% Erfolgsquote 
1	258436020528419902469062562910786496031225359815310297812001623699358101517740270235916046452438551840630697794184452428408230888036639062867934788628512125251310903159004607320555681909684664693791987296720324872619325263825880622287308988456838880291900144020957667986085712433588414491809265709086029585848771
1	476219183895065887695800677723247026394617516963043694844587261648255378077633756389777883350560926987229600429733148295044380512786615801239789947585123466755224585596368040455855413856048146177324560861372284034938981385027465416349648023673276138964849703589180421906944458866387640187154152542585488721515149
1	290377551155527980302317486416614040484522876196977862710114183931863035413191314871815782530829833528798536847398261155514866166333302317829140211942148455338551576583151244180399642595151308644710098086202612216426208161602113058749785380288583011563932746090963671894478328577065634260459849111332615284183039
1	502353163499063405923009251500742290038224575820771702488497538202123051264820974728241303778335612004821468745998991799040718467756613009844412566659916827735694227488851652432091381689611763955348469689130519134417340119571655591637128707899248610005603650737367152377447508438323547270595538962605424040765107
1	5807551023110559606046349728332280809690457523939557254202283678637260708263826297436315650616596670575970736947965223110297323326666046356582804238842969106771031531663024883607992851903026172894201961724052244328524163232042261174995707605771660231278654921819273437889566571541312685209196982226652832621561
1	423951224687070851241383530168256499107403399247587679556766708540520031703259319712851042495011556952045863797201461287051704602846621384030544709435536744794285301811400816503383478188920910621276743205855813835982263915939085065774686655221331196883341809292806960965938359722515826020271379702545618068118843
1	127766122508432311333019694023310177813190065526670259592450240930019735581804178543598944313565126752671356212855234908426541113186653019844821693254545320348962693696586547439375842741866575803672443157929149375227531591104929745849905567326976525088130408280024015633570464573908879074602333608986352942483909
1	397817245083073333014174956390761235463796340389859671912856431986652358516072101374387622067236871934453995480935617783055366647876624175425922090360743383813815659918917204527147510355357292843252834378097578736503905181394894890487205970995358725842587862144620230495435310150579918936829993282525684662826411
1	537198469637726763559287349870735974896367320964409046013711240273946615514403932512859197682035192028277293167686783137702502407716609287983909392092974642376320416678829801733739338801029920992713681459474832600388485098963909158687102953533878571393275580268282793004784907867571423381850720855965339735401261
1	243917142970643503453946688589955794006999216005461404676495914502764949747080704492325257325897060164190770951814539370632487579719973946976477778031404702484383324329847045111535699779927099261556482392410194261798014855745774969349819719442409729713703506716409484391361796004735132778786273253519398842609123
1	23230204092442238424185398913329123238761830095758229016809134714549042833055305189745262602466386682303882947791860892441189293306664185426331216955371876427084126126652099534431971407612104691576807846896208977314096652928169044699982830423086640925114619687277093751558266286165250740836787928906611635134157
1	14518877557776399015115874320830702024226143809848893135505709196593151770659565743590789126541491676439926842369913057775743308316665115891457010597107422766927578829157562209019982129757565432235504904310130610821310408080105652937489269014429150578196637304548183594723916428853281713022992455566631279279153
1	139381224554653430545112393479974739432570980574549374100854808287294256998331831138471575614798320093823297686751165354647135759839985112557987301732231258562504756759912597206591828445672628149460847081377253863884579917569014268199896982538519845550687718123662562509349597716991504445020727573439655618722401
1	467507857360400048286731153130748605180081830677134358963283836130299487015238016943623409874636031981365644324311200460378934527796616731704915741226859013095068038298873503130443424578193606917983257918786205668446195140179402024587154462264618648617931721206451511750110109009075671159340357069245512195394887
1	211975612343535425620691765084128249553701699623793839778383354270260015851629659856425521247505778476022931898600730643525852301423310692015272354717768372397142650905700408251691739094460455310638371602927906917991131957969542532887343327610665598441670904646403480482969179861257913010135689851272811220447749
1	75498163300437274878602546468319650525975947811214244304629687822284389207429741866672103458015756717487619580323547900433865203246658602635576455104958598388023409911619323486903907074739340247624625502412679176270814122016549395274944198875031583006622513983650554692564365430037064907719560768946480368282557
1	60979285742660875863486672147488948501749804001365351169123978625691237436770176123081314331474265041047692737953634842658121894929993486744119444507851175621095831082461761277883924944981774815389120598102548565449503713936443742337454929860602432428425876679102371097840449001183783194696568313379851557838729
1	55171734719550316257440322419156667692059346477425793914921694947053976728506349825644998680857668370471722001005669619547824571603327440387536640269008206514324799550798736394275932093078748642494918636378496321120979550704401481162459222254830772197147221757283097659950882429642470509487371331153199261419831
1	589466428845721800013704497425726502183581438679865061301531793381681961888778369189786038537584562063461029800218470145695178317656603705193154630242561364337259700463797025686211274468157156548761499114991302799345202568052289509262064321985823513474783474564656253945791007011443237548733493696005208472348433
1	307800204224859659120456535601610882913594248768796534472721034967774817537982793764124729482679623540526449058242156824845758136313300456898888624658677362658864671178140318831223621150860387163392703971374768949411780651298239842274772503105897992257768710856421492208147028291689572316087440058012574088214357
1	569140000264834841392542273376563519349664837346076610911823800506451549409854977148758933760426473716445132220900591864809137686013272542945114815406610972463561090102976438593583299486496564943631792248957119944195367996740141595149579345365622702665308182338288796913177524011048643150501304258211927360779427
1	150996326600874549757205092936639301051951895622428488609259375644568778414859483733344206916031513434975239160647095800867730406493317205271152910209917196776046819823238646973807814149478680495249251004825358352541628244033098790549888397750063166013245027967301109385128730860074129815439121537892962127755129
1	284570000132417420696271136688281759674832418673038305455911900253225774704927488574379466880213236858222566110450295932404568843006636271472557407703305486231780545051488219296791649743248282471815896124478559972097683998370070797574789672682811351332654091169144398456588762005524321575250652129105964905521599
1	603985306403498199028820371746557204207807582489713954437037502578275113659437934933376827664126053739900956642588383203470921625973268821084611640839668787104187279292954587895231256597914721980997004019301433410166512976132395162199553591000252664052980111869204437540514923440296519261756486151571839208526391
1	72594387788881995075579371604153510121130719049244465677528545982965758853297828717953945632707458382199634211849565288878716541583325579457285052985537113834637894145787811045099910648787827161177524521550653054106552040400528264687446345072145752890983186522740917973619582144266408565114962277833154227780907
1	87113265346658394090695245924984212145356862859093358813034255179558910623957394461544734759248950058639561054219478346654459849899990695348742063582644536601565472974945373254119892778545392593413029425860783664927862448480633917624935614086574903469179823827289101568343498573119690278137954733399786880697383
1	423951224687070851241383530168256499107403399247587679556766708540520031703259319712851042495011556952045863797201461287051704602846621384030544709435536744794285301811400816503383478188920910621276743205855813835982263915939085065774686655221331196883341809292806960965938359722515826020271379702545619988025337
1	351356836898188856165804158564102988986272680198343213879238162557554272849961490994897096862304098569846229585351895998172988061263295804573259656449999630959647407665613005458283567540133083460099218684305160781875711875538556801087240310149185443992358622770066042992318777578249417455156417424712466297050097
1	400721020594628612817198131254927375868641569151829450539957573825970988870204014523105779892545170269741980849409600394610515309539957198604213492480164868367201175684748716968951506781308805929699935358959604858668167263010916021074703824798244555958227189605529867214380093436350575279434591773639010804926007
1	429758775710181410847429879896588779917093856771527236810968992219157292411523146010287358145628153622621834534149426510162001926173287430387127513674379713901056333343063841386991471040823936794170945167579866080310788079171127326949682362827102857114620464214626234403827926294057138705480576684772270357112507
1	171322755181761508378367316985802283885868496956216938998967368519799190893782875774371311693189601781991136739964974081753771038136648367519192725045867588649745430184059234066435789131139272100378957870859541207691462815345246704662373374370263976822720320193668566417742213860468724213671310975686243241743487
1	258436020528419902469062562910786496031225359815310297812001623699358101517740270235916046452438551840630697794184452428408230888036639062867934788628512125251310903159004607320555681909684664693791987296720324872619325263825880622287308988456838880291900144020957667986085712433588414491809265709086027658202431
1	310703979736414938923479710465777023318439477530766313099822176807093447892114706912842887307987921875814434426716139436400906797976633480077180026778098847212250186943971831273027617576811900249839804952236795071576042732914260972862270356908783822373408038317331128927091811577460228658692038549125898318138393
1	133573673531542870939066043751642458622880523050609816846652524608656996290068004841035259964181723423247326949803200131536838436513319066201404497493388289455733725228249572322983835593769601976566645119653201619556055754336972007024901274932748185319409063201843289071460031145450191759811530591213003320373433
1	264243571551530462075108912639118776840915817339249855066203907377995362226004096533352362103055148511206668531132417651518528211363305109224517592867355094358081934690667632204163674761587690866686189258444377116947849427057922883462304696062610540523178798942776941423975279005129727177018462691312679955605597
1	603985306403498199028820371746557204207807582489713954437037502578275113659437934933376827664126053739900956642588383203470921625973268821084611640839668787104187279292954587895231256597914721980997004019301433410166512976132395162199553591000252664052980111869204437540514923440296519261756486151571841123964459
1	180034081716427347787436841578300705100404183242126274880270794037755081956178615220525785169114496787855092845386921916419217023126647437054066931404132042309901977481553771391847778408993811359720260813445619574184249060193310096424866935778921467169638302576397476574576563717780693241485106449026223601107701
1	121958571485321751726973344294977897003499608002730702338247957251382474873540352246162628662948530082095385475907269685316243789859986973488238889015702351242191662164923522555767849889963549630778241196205097130899007427872887484674909859721204864856851753358204742195680898002367566389393136626759700648414591
1	209071836831980145817668590219962109148856470861824061151282212430941385497497746707707363422197480140734946530126748031970703639759977668836980952598346887843757135139868895809887742668508942224191270622065880795826869876353521402299845473807779768326031577185493843764024396575487256667531091360159485078181249
1	377490816502186374393012732341598252629879739056071221523148439111421946037148709333360517290078783587438097901617739502169326016233293013177882275524792991940117049558096617434519535373696701238123127512063395881354070610082746976374720994375157915033112569918252773462821827150185324538597803844732401623615071
1	418143673663960291635337180439924218297712941723648122302564424861882770994995493415414726844394960281469893060253496063941407279519955337673961905196693775687514270279737791619775485337017884448382541244131761591653739752707042804599690947615559536652063154370987687528048793150974513335062182720318967687544949
1	467507857360400048286731153130748605180081830677134358963283836130299487015238016943623409874636031981365644324311200460378934527796616731704915741226859013095068038298873503130443424578193606917983257918786205668446195140179402024587154462264618648617931721206451511750110109009075671159340357069245510272187197
1	452988979802623649271615278809917903155855686867285465827778126933706335244578451200032620748094540304925717481941287402603191219479951615813458730629751590328140459469715940921423442448436041485747753014476075057624884732099296371649665193250189498039735083901903328155386192580222389446317364613678881463942947
1	333934183828857177347665109379106146557201307626524542116631311521642490725170012102588149910454308558118317374508000328842096091283297665503511243733470723639334313070623930807459588984424004941416612799133004048890139385842430017562253187331870463298522658004608222678650077863625479399528826478032509417885139
1	124862346996877031529996519159144037408344836764700480965349099090701105227672265394880786488256828417383370844381252296871392451523319996666530291135123835795577177930755034997571846315915062717225342177067123253063269509488908615262407713524090694972491080819114378914625681288138222731997735117873026800018303
1	432662551221736690650453054760754920321939085533497015438070134058475922765655059159005515970936451957909819902623409121717150587836620453565418915793801198454441849108895353828795467466775449880618046148441892202475050160787148457537180216629988687230259791675535871122772709579827795048085175175885596511100913
1	377490816502186374393012732341598252629879739056071221523148439111421946037148709333360517290078783587438097901617739502169326016233293013177882275524792991940117049558096617434519535373696701238123127512063395881354070610082746976374720994375157915033112569918252773462821827150185324538597803844732401628723043
1	493641836964397566513939726908243868823688889534862366607194112684167160202425235282086830302410716998957512640577043964375272482766613940309538360301652374075537680191357115106679392411757224696007166746544440767924553874723592199874635146490591119658685668354638242220613158581011578242781743489265445603803971
1	258436020528419902469062562910786496031225359815310297812001623699358101517740270235916046452438551840630697794184452428408230888036639062867934788628512125251310903159004607320555681909684664693791987296720324872619325263825880622287308988456838880291900144020957667986085712433588414491809265709086029578185153
1	267147347063085741878132087503284917245761046101219633693305049217313992580136009682070519928363446846494653899606400263073676873026638132402808994986776578911467450456499144645967671187539203953133290239306403239112111508673944014049802549865496370638818126403686578142920062290900383519623061182426006102862307
1	92920816369768953696741595653316492955047320383032916067236538858196171332221220758981050409865546729215531791167443569764757173226656741705324867821487505708336504506608398137727885630448418766307231387584835909256386611712676178799931321692346563700458478749108375006233065144661002963347151715626437256690517
1	331030408317301897544641934514940006152356078864554763489530169682323860371038098953869992085146010222830332006034017717286947429619964642325219841614049239085948797304792418365655592558472491854969511818270977926725877304226408886974755333528984633182883330543698585959705294577854823056924227986919183266055519
1	479122959406621167498823852587413166799462745725013473471688403487574008431765669538496041175869225322517585798207130906599529174449948824418081349704544951308610101362199552897659410281999659263771661842234310157103243466643486546937145877476161969080489031050090058625889242152158296529758751033698816788609921
1	255532245016864622666039388046620355626380131053340519184900481860039471163608357087197888627130253505342712425710469816853082226373306039689643386509090640697925387393173094878751685483733151607344886315858298750455063182209859491699811134653953050176260816560048031267140929147817758149204667217972701512828697
1	415239898152405011832314005575758077892867712961678343675463283022564140640863580266696569019086661946181907691779513452386258617856622314495670503077272291134128754513906279177971488911066371361935440263269735469489477671091021674012193093812673706536423826910078050809104009865203856992457584229205639625517609
1	467507857360400048286731153130748605180081830677134358963283836130299487015238016943623409874636031981365644324311200460378934527796616731704915741226859013095068038298873503130443424578193606917983257918786205668446195140179402024587154462264618648617931721206451511750110109009075671159340357069245510277378123
1	206168061320424866014645415355795968744011242099854282524181070591622755143365833558989205596889181805446961161652765420415554978096644645658689550478925403290371619374037383368083746242557429137744169641203854673662607794737500271712347620004893938210392249724584207045079613289716600324926492869046158926351533
1	241013367459088223650923513725789653602153987243491626049394772663446319392948791343607099500588761828902785583340556759077338918056640923798186375911983217930997808564015532669731703353975586175109381411548168139633752774129753838762321865639523899598064179255499847672417012718964476436181674762406070777003139
1	592370204357277079816727672289892642588426667441834839928632935221000592242910282338504196362892860398749015168692452757250326979319936728371446032361982848890645216229628538128015270894108669635208600095853328921509464649668310639849562175788709343590422802025565890664735790297213893891338092187118534616618291
1	46460408184884476848370797826658246477523660191516458033618269429098085666110610379490525204932773364607765895583721784882378586613328370852662433910743752854168252253304199068863942815224209383153615693792417954628193305856338089399965660846173281850229239374554187503116532572330501481673575857813220813503581
1	241013367459088223650923513725789653602153987243491626049394772663446319392948791343607099500588761828902785583340556759077338918056640923798186375911983217930997808564015532669731703353975586175109381411548168139633752774129753838762321865639523899598064179255499847672417012718964476436181674762406070776435533
1	168418979670206228575344142121636143481023268194247160371866226680480560539650962625653153867881303446703151371490991470198622376473315344340901322926446104096359914418227721624631792705187759013931856889997515085527200733729225574074875520567378146707080992732758929698797430574698067871066712484572917090758359
1	316511530759525498529526060194109304128129935054705870354024460485730708600378533210279202958604518546390405163664104659511204121303299526433762831016941816319021218475634856156635610428714926422734006913960847315904566896146303234037266064514555482604686693239150402364981378149001541343901235531352552533192147
1	29037755115552798030231748641661404048452287619697786271011418393186303541319131487181578253082983352879853684739826115551486616633330231782914021194214845533855157658315124418039964259515130864471009808620261221642620816160211305874978538028858301156393274609096367189447832857706563426045984911133262013306661
1	246820918482198783256969863454121934411844444767431183303597056342083580101212617641043415151205358499478756320288521982187636241383306970154769180150826187037768840095678557553339696205878612348003583373272220383962276937361796099937317573245295559829342834177319121110306579290505789121390871744632723072201661
1	110343469439100632514880644838313335384118692954851587829843389894107953457012699651289997361715336740943444002011339239095649143206654880775073280538016413028649599101597472788551864186157497284989837272756992642241959101408802962324918444509661544394294443514566195319901764859284941018974742662306396062480759
1	124862346996877031529996519159144037408344836764700480965349099090701105227672265394880786488256828417383370844381252296871392451523319996666530291135123835795577177930755034997571846315915062717225342177067123253063269509488908615262407713524090694972491080819114378914625681288138222731997735117873024878343283
1	90017040858213673893718420789150352550202091621063137440135397018877540978089307610262892584557248393927546422693460958209608511563323718527033465702066021154950988740776885695923889204496905679860130406722809787092124530096655048212433467889460733584819151288198738287288281858890346620742553224513113028088791
1	197456734785759026605575890763297547529475555813944946642877645073666864080970094112834732120964286799583005056230817585750108993106645576123815344120660949630215072076542846042671756964702889878402866698617776307169821549889436879949854058596236447863474267341855296888245263432404631297112697395706178564568129
1	458796530825734208877661628538250183965546144391225023081980410612343595952842277497468936398711136975501688218889252625713488542806617662170041534868594559434911491001378965805031435300339067658641954976200127301953408895331338632824660900855961158271013738823722601593275759151763702131526561595905531831819189
1	490738061452842286710916552044077728418843660772892587980092970844848529848293322133368672477102418663669527272103061352820123821103280917131246958182230889522152164425525602664875395985805711609560065765682414645760291793107571069287137292687705289543046340893728605501668375295240921900177144998152121374319833
1	389105918548407493605105431798262814249260654103950336031553006468696467453676361928233148591311976928590039375513669948389920662886625105891047884002478930153659112621422667201735521077502753583911531435511500370011118936546831498724712409586701235495669879761891320338600960293267949909016197809185704296331761
1	403624796106183892620221306119093516273486797913799229167058715665289619224335927671823937717853468605029966217883583006165663971203290221782504894599586352920586691450580229410755503207260319016147036339821630980832429344626937151662201678601130386073866517066439503933324876722121231622039190264752336951202443
1	60979285742660875863486672147488948501749804001365351169123978625691237436770176123081314331474265041047692737953634842658121894929993486744119444507851175621095831082461761277883924944981774815389120598102548565449503713936443742337454929860602432428425876679102371097840449001183783194696568313379851553506587
1	153900102112429829560228267800805441456797124384398267236360517483887408768991396882062364741339811770263224529121078412422879068156650228449444312329338681329432335589070159415611810575430193581696351985687384474705890325649119921137386251552948996128884355428210746104073514145844786158043720029006286355508481
1	133573673531542870939066043751642458622880523050609816846652524608656996290068004841035259964181723423247326949803200131536838436513319066201404497493388289455733725228249572322983835593769601976566645119653201619556055754336972007024901274932748185319409063201843289071460031145450191759811530591213005244810703
1	49364183696439756651393972690824386882368888953486236660719411268416716020242523528208683030241071699895751264057704396437527248276661394030953836030165237407553768019135711510667939241175722469600716674654444076792455387472359219987463514649059111965868566835463824222061315858101157824278174348926546965792059
1	127766122508432311333019694023310177813190065526670259592450240930019735581804178543598944313565126752671356212855234908426541113186653019844821693254545320348962693696586547439375842741866575803672443157929149375227531591104929745849905567326976525088130408280024015633570464573908879074602333608986351029316937
1	296185102178638539908363836144946321294213333720917419964316467610500296121455141169252098181446430199374507584346226378625163489659968364185723016180991424445322608114814269064007635447054334817604300047926664460754732324834155319924781087894354671795211401012782945332367895148606946945669046093559269495679733
1	92920816369768953696741595653316492955047320383032916067236538858196171332221220758981050409865546729215531791167443569764757173226656741705324867821487505708336504506608398137727885630448418766307231387584835909256386611712676178799931321692346563700458478749108375006233065144661002963347151715626437254826311
1	258436020528419902469062562910786496031225359815310297812001623699358101517740270235916046452438551840630697794184452428408230888036639062867934788628512125251310903159004607320555681909684664693791987296720324872619325263825880622287308988456838880291900144020957667986085712433588414491809265709086029584826427
1	342645510363523016756734633971604567771736993912433877997934737039598381787565751548742623386379203563982273479929948163507542076273296735038385450091735177299490860368118468132871578262278544200757915741719082415382925630690493409324746748740527953645440640387337132835484427720937448427342621951372487855079417
1	272954898086196301484178437231617198055451503625159190947507332895951253288399835979506835578980043517070624636554365486183974196353304178759391799225619548018238481988162169529575664039442230126027492201030455483440635671905986275224798257471268030870096781325505851580809628862441696204832258164652660322320783
1	95824591881324233499764770517482633359892549145002694694337680697514801686353133907699208235173845064503517159641426181319905834889989764883616269940908990261722020272439910579531882056399931852754332368446862031420648693328697309387429175495232393816097806210018011725177848430431659305951750206739765321885471
1	586562653334166520210681322561560361778736209917895282674430651542363331534646456041067880712276263728173044431744487534140029655993270682014863228123139879783874184697965513244407278042205643462314398134129276677180940486436268378674566468182937683359144147103746617226846223725672581206128895204891882324076573
1	142285000066208710348135568344140879837416209336519152727955950126612887352463744287189733440106618429111283055225147966202284421503318135736278703851652743115890272525744109648395824871624141235907948062239279986048841999185035398787394836341405675666327045584572199228294381002762160787625326064552981765004209
1	124862346996877031529996519159144037408344836764700480965349099090701105227672265394880786488256828417383370844381252296871392451523319996666530291135123835795577177930755034997571846315915062717225342177067123253063269509488908615262407713524090694972491080819114378914625681288138222731997735117873024879403987
1	2903775511555279803023174864166140404845228761969778627101141839318630354131913148718157825308298335287985368473982611555148661663333023178291402119421484553385515765831512441803996425951513086447100980862026122164262081616021130587497853802885830115639327460909636718944783285770656342604598491113326682928789
1	23230204092442238424185398913329123238761830095758229016809134714549042833055305189745262602466386682303882947791860892441189293306664185426331216955371876427084126126652099534431971407612104691576807846896208977314096652928169044699982830423086640925114619687277093751558266286165250740836787928906611634100431
1	464604081848844768483707978266582464775236601915164580336182694290980856661106103794905252049327733646077658955837217848823785866133283708526624339107437528541682522533041990688639428152242093831536156937924179546281933058563380893999656608461732818502292393745541875031165325723305014816735758578132184132951611
1	505256939010618685726032426364908430443069804582741481115598680041441681618952887876959461603643910340109454114472974410595867129419946033022703968779338312289079743254683164873895378115563277041795570669992545256581602201187676722224626561702134440121242978198276789096392291724094203613200137453718752114943609
1	58075510231105596060463497283322808096904575239395572542022836786372607082638262974363156506165966705759707369479652231102973233266660463565828042388429691067710315316630248836079928519030261728942019617240522443285241632320422611749957076057716602312786549218192734378895665715413126852091969822266523484878251
1	142285000066208710348135568344140879837416209336519152727955950126612887352463744287189733440106618429111283055225147966202284421503318135736278703851652743115890272525744109648395824871624141235907948062239279986048841999185035398787394836341405675666327045584572199228294381002762160787625326064552983682414627
1	534294694126171483756264175006569834491522092202439267386610098434627985160272019364141039856726893692989307799212800526147353746053276264805617989973553157822934900912998289291935342375078407906266580478612806478224223017347888028099605099730992741277636252807373156285840124581800767039246122364852013583695759
1	484930510429731727104870202315745447609153203248953030725890687166211269140029495835932356826485821993093556535155096129709826497776614870774664153943387920415381132893862577781267403133902685436665863803958362401431767629875528808112141585081933629311767685971909332063778808723699609214967948015925467158765191
1	220686938878201265029761289676626670768237385909703175659686779788215906914025399302579994723430673481886888004022678478191298286413309761550146561076032826057299198203194945577103728372314994569979674545513985284483918202817605924649836889019323088788588887029132390639803529718569882037949485324612789659824491
1	95824591881324233499764770517482633359892549145002694694337680697514801686353133907699208235173845064503517159641426181319905834889989764883616269940908990261722020272439910579531882056399931852754332368446862031420648693328697309387429175495232393816097806210018011725177848430431659305951750206739763399457527
1	191649183762648466999529541034965266719785098290005389388675361395029603372706267815398416470347690129007034319282852362639811669779979529767232539881817980523444040544879821159063764112799863705508664736893724062841297386657394618774858350990464787632195612420036023450355696860863318611903500413479526266843227
1	418143673663960291635337180439924218297712941723648122302564424861882770994995493415414726844394960281469893060253496063941407279519955337673961905196693775687514270279737791619775485337017884448382541244131761591653739752707042804599690947615559536652063154370987687528048793150974513335062182720318965766531573
1	592370204357277079816727672289892642588426667441834839928632935221000592242910282338504196362892860398749015168692452757250326979319936728371446032361982848890645216229628538128015270894108669635208600095853328921509464649668310639849562175788709343590422802025565890664735790297213893891338092187118536534831333
