sieve choosen 743
number of total trys 10819
0.9242998428690268% Erfolgsquote 
1	267147347063085741878132087503284917245761046101219633693305049217313992580136009682070519928363446846494653899606400263073676873026638132402808994986776578911467450456499144645967671187539203953133290239306403239112111508673944014049802549865496370638818126403686578142920062290900383519623061182426008025257819
1	589466428845721800013704497425726502183581438679865061301531793381681961888778369189786038537584562063461029800218470145695178317656603705193154630242561364337259700463797025686211274468157156548761499114991302799345202568052289509262064321985823513474783474564656253945791007011443237548733493696005210387884301
1	31941530627108077833254923505827544453297516381667564898112560232504933895451044635899736078391281688167839053213808727106635278296663254961205423313636330087240673424146636859843960685466643950918110789482287343806882897776232436462476391831744131272032602070006003908392616143477219768650583402246590084300757
1	455892755314178929074638453674084043560700915629255244454879268773024965598710364348750778573402838640213702850415270014158339881143284638991750132749173074881525975235547453363227438874387554572194853995338101179789146813715317502237163047053075328155374411362812964874330975865993045788921963104792207604149177
1	66786836765771435469533021875821229311440261525304908423326262304328498145034002420517629982090861711623663474901600065768419218256659533100702248746694144727866862614124786161491917796884800988283322559826600809778027877168486003512450637466374092659704531600921644535730015572725095879905765295606503848610381
1	490738061452842286710916552044077728418843660772892587980092970844848529848293322133368672477102418663669527272103061352820123821103280917131246958182230889522152164425525602664875395985805711609560065765682414645760291793107571069287137292687705289543046340893728605501668375295240921900177144998152121377329567
1	397817245083073333014174956390761235463796340389859671912856431986652358516072101374387622067236871934453995480935617783055366647876624175425922090360743383813815659918917204527147510355357292843252834378097578736503905181394894890487205970995358725842587862144620230495435310150579918936829993282525684656796081
1	496545612475952846316962901772410009228534118296832145234295254523485790556557148430804988127719015334245498009051026575930421144429946963487829762421073858628923195957188627548483388837708737782454267727406466890088815956339613330462133000293476949774324995815547878939557941866782234585386341980378773671517341
1	127766122508432311333019694023310177813190065526670259592450240930019735581804178543598944313565126752671356212855234908426541113186653019844821693254545320348962693696586547439375842741866575803672443157929149375227531591104929745849905567326976525088130408280024015633570464573908879074602333608986352942859577
1	577851326799500680801611797969061940564200523631985946793127226024407440472250716594913407236351368722309088326322539699474583671003271612479989021764875426123717637400470975918995288764351104202973095191543198310688154241588204986912072906774280193012226164721017707070011873868360612178315099731551905798218013
1	339741734851967736953711459107438427366891765150464099370833595200279751433433838400024465561070905228694288111455965551952393414609963711860094047972313692746105344602286955691067581836327031114310814760857056293218663549074472278737248894937642123529801312926427496116539644435166792084738023460259161709071927
1	554621122707058442377426399055732817325438693536227717776318091309858397639195411405168144633884982040005205378530678807033394377696607427053657804809503549696633511273818876384563317356738999511396287344646989333374057588660035942212090076351193552087111545033740613318453607582195361437478311802645296617482259
1	566236224753279561589519098512397378944819608584106832284722658667132919055723064000040775935118175381157146852426609253253989024349939519766823413287189487910175574337144926151779303060545051857184691268095093822031105915124120464562081491562736872549668854877379160194232740725277986807896705767098601205052739
1	528487143103060924150217825278237553681831634678499710132407814755990724452008193066704724206110297022413337062264835303037056422726610218449035185734710188716163869381335264408327349523175381733372378516888754233895698854115845766924609392125221081046357597885553882847950558010259454354036925382625361296992887
1	513968265545284525135101950957406851657605490868650816996902105559397572681348627323113935079568805345973410219894922245261313114409945102557578175137602765949236290552177702199307367393417816301136873612578623623074388446035740113987120123110791930468160960581005699253226641581406172641013932927058730560043703
1	418143673663960291635337180439924218297712941723648122302564424861882770994995493415414726844394960281469893060253496063941407279519955337673961905196693775687514270279737791619775485337017884448382541244131761591653739752707042804599690947615559536652063154370987687528048793150974513335062182720318967685671591
1	11615102046221119212092699456664561619380915047879114508404567357274521416527652594872631301233193341151941473895930446220594646653332092713165608477685938213542063063326049767215985703806052345788403923448104488657048326464084522349991415211543320462557309843638546875779133143082625370418393964453307045023681
1	545909796172392602968356874463234396110903007250318381895014665791902506576799671959013671157960087034141249273108730972367948392706608357518783598451239096036476963976324339059151328078884460252054984402060910966881271343811972550449596514942536061740193562651011703161619257724883392409664516329305318181494209
1	162611428647095668969297792393303862671332810670307603117663943001843299831387136328216838217264706776127180634543026247088325053146649297984318518687603134989588882886564696741023799853284732841037654928273462841198676570497183312899879812961606486475802337810939656260907864003156755185857515502346266713027001
1	133573673531542870939066043751642458622880523050609816846652524608656996290068004841035259964181723423247326949803200131536838436513319066201404497493388289455733725228249572322983835593769601976566645119653201619556055754336972007024901274932748185319409063201843289071460031145450191759811530591213005238321229
1	601081530891942919225797196882391063802962353727744175809936360738956483305306021784658669838817755404612971274114400591915772964309935797906320238720247302550801763527123075453427260171963208894549903038439407288002250894516374031612055737197366833937340784408294800821570140154525862919151887660458514977415653
1	14518877557776399015115874320830702024226143809848893135505709196593151770659565743590789126541491676439926842369913057775743308316665115891457010597107422766927578829157562209019982129757565432235504904310130610821310408080105652937489269014429150578196637304548183594723916428853281713022992455566633193881671
1	464604081848844768483707978266582464775236601915164580336182694290980856661106103794905252049327733646077658955837217848823785866133283708526624339107437528541682522533041990688639428152242093831536156937924179546281933058563380893999656608461732818502292393745541875031165325723305014816735758578132186046274307
1	49364183696439756651393972690824386882368888953486236660719411268416716020242523528208683030241071699895751264057704396437527248276661394030953836030165237407553768019135711510667939241175722469600716674654444076792455387472359219987463514649059111965868566835463824222061315858101157824278174348926546961874839
1	357164387921299415771850508292435269795963137722282771133440446236191533558225317292333412512920695240422200322299861221283285384589961850929842460688842600066418439197276030341891560392036109632993420646029213026204236038770599062262236017754957104223637277691885316430208344149790730140365614406939118591041417
1	409432347129294452226267655847425797083177255437738786421260999343926879932599753969260253368470065275605936954831548229275961294529956268139087698838429322027357722982243254294363496059163345189041238301545683225160953507858979412837197386206902046305145171988258777371214443293662544307248387246978989243840173
1	484930510429731727104870202315745447609153203248953030725890687166211269140029495835932356826485821993093556535155096129709826497776614870774664153943387920415381132893862577781267403133902685436665863803958362401431767629875528808112141585081933629311767685971909332063778808723699609214967948015925469077460281
1	235205816435977664044877163997457372792463529719552068795192488984809058684684965046170783849972165158326814846392591535967041594729974877441603571673140248824226777032352507786123710502072560002215179449824115895305228610897711577587326158033752239366785524333680574234527446147423163750972477780179420402385023
1	331030408317301897544641934514940006152356078864554763489530169682323860371038098953869992085146010222830332006034017717286947429619964642325219841614049239085948797304792418365655592558472491854969511818270977926725877304226408886974755333528984633182883330543698585959705294577854823056924227986919183265949521
1	362971938944409975377896858020767550605653595246222328387642729914828794266489143589769728163537291910998171059247826444393582707916627897286425264927685569173189470728939055225499553243939135805887622607753265270532760202002641323437231725360728764454915932613704589868097910721332042825574811389165770886349511
1	34845306138663357636278098369993684858142745143637343525213702071823564249582957784617893903699580023455824421687791338661783939959996278139496825433057814640626189189978149301647957111418157037365211770344313465971144979392253567049974245634629961387671929530915640627337399429247876111255181893359916225720639
1	339741734851967736953711459107438427366891765150464099370833595200279751433433838400024465561070905228694288111455965551952393414609963711860094047972313692746105344602286955691067581836327031114310814760857056293218663549074472278737248894937642123529801312926427496116539644435166792084738023460259161704790597
1	145188775577763990151158743208307020242261438098488931355057091965931517706595657435907891265414916764399268423699130577757433083166651158914570105971074227669275788291575622090199821297575654322355049043101306108213104080801056529374892690144291505781966373045481835947239164288532817130229924555666309834540619
1	217783163366645985226738114812460530363392157147733397032585637948897276559893486153861836898122375146598902635548695866636149624749976738371855158956611341503913682437363433135299731946363481483532573564651959162319656121201584794062339035216437258672949559568222753920858746432799225695344886833499463519431053
1	46460408184884476848370797826658246477523660191516458033618269429098085666110610379490525204932773364607765895583721784882378586613328370852662433910743752854168252253304199068863942815224209383153615693792417954628193305856338089399965660846173281850229239374554187503116532572330501481673575857813220814726597
1	438470102244847250256499404489087201131629543057436572692272417737113183473918885456441831621553048628485790639571374344827447911163286499922001720032644167561212880640558378712403460318678476053512248110165944446803574324019190718712175924235760347461538446597355144560662276151369107733294372158112250722104879
1	142285000066208710348135568344140879837416209336519152727955950126612887352463744287189733440106618429111283055225147966202284421503318135736278703851652743115890272525744109648395824871624141235907948062239279986048841999185035398787394836341405675666327045584572199228294381002762160787625326064552983679150967
1	31941530627108077833254923505827544453297516381667564898112560232504933895451044635899736078391281688167839053213808727106635278296663254961205423313636330087240673424146636859843960685466643950918110789482287343806882897776232436462476391831744131272032602070006003908392616143477219768650583402246590076365651
1	232302040924422384241853989133291232387618300957582290168091347145490428330553051897452626024663866823038829477918608924411892933066641854263312169553718764270841261266520995344319714076121046915768078468962089773140966529281690446999828304230866409251146196872770937515582662861652507408367879289066094258374489
1	540102245149282043362310524734902115301212549726378824640812382113265245868535845661577355507343490363565278536160765749257651069379942311162200794212396126929705932444661314175543335226981434079160782440336858722552747180579930289274600807336764401508914907729192429723729691153342079724455319347078665880186511
1	418143673663960291635337180439924218297712941723648122302564424861882770994995493415414726844394960281469893060253496063941407279519955337673961905196693775687514270279737791619775485337017884448382541244131761591653739752707042804599690947615559536652063154370987687528048793150974513335062182720318967694999937
1	66786836765771435469533021875821229311440261525304908423326262304328498145034002420517629982090861711623663474901600065768419218256659533100702248746694144727866862614124786161491917796884800988283322559826600809778027877168486003512450637466374092659704531600921644535730015572725095879905765295606503853657517
1	441373877756402530059522579353253341536474771819406351319373559576431813828050798605159989446861346963773776008045356956382596572826619523100293122152065652114598396406389891154207456744629989139959349091027970568967836405635211849299673778038646177577177774058264781279607059437139764075898970649225576865375237
1	34845306138663357636278098369993684858142745143637343525213702071823564249582957784617893903699580023455824421687791338661783939959996278139496825433057814640626189189978149301647957111418157037365211770344313465971144979392253567049974245634629961387671929530915640627337399429247876111255181893359916225700423
1	336837959340412457150688284243272286962046536388494320743732453360961121079301925251306307735762606893406302742981982940397244752946630688681802645852892208192719828836455443249263585410375518027863713779995030171054401467458451148149751041134756293414161985465517859397594861149396135742133424969145835558364509
1	60979285742660875863486672147488948501749804001365351169123978625691237436770176123081314331474265041047692737953634842658121894929993486744119444507851175621095831082461761277883924944981774815389120598102548565449503713936443742337454929860602432428425876679102371097840449001183783194696568313379851553448687
1	374587040990631094589989557477432112225034510294101442896047297272103315683016796184642359464770485252150112533143756890614177354569959989999590873405371507386731533792265104992715538947745188151676026531201369759189808528466725845787223140572272084917473242457343136743877043864414668195993205353619075480082969
1	450085204291068369468592103945751762751010458105315687200676985094387704890446538051314462922786241969637732113467304791048042557816618592635167328510330105774754943703884428479619446022484528399300652033614048935460622650483275241062167339447303667924095756440993691436441409294451733103712766122565555313175689
1	182937857227982627590460016442466845505249412004096053507371935877073712310310528369243942994422795123143078213860904527974365684789980460232358333523553526863287493247385283833651774834945324446167361794307645696348511141809331227012364789581807297285277630037307113293521347003551349584089704940139549743545937
1	113247244950655912317903819702479475788963921716821366456944531733426583811144612800008155187023635076231429370485321850650797804869987903953364682657437897582035114867428985230355860612109010371436938253619018764406221183024824092912416298312547374509933770975475832038846548145055597361579341153419722211925639
1	435566326733291970453476229624921060726784314295466794065171275897794553119786972307723673796244750293197805271097391733272299249499953476743710317913222683007827364874726866270599463892726962967065147129303918324639312242403169588124678070432874517345899119136445507841717492865598451390689773666998924575747369
1	243917142970643503453946688589955794006999216005461404676495914502764949747080704492325257325897060164190770951814539370632487579719973946976477778031404702484383324329847045111535699779927099261556482392410194261798014855745774969349819719442409729713703506716409484391361796004735132778786273253519398839718459
1	569140000264834841392542273376563519349664837346076610911823800506451549409854977148758933760426473716445132220900591864809137686013272542945114815406610972463561090102976438593583299486496564943631792248957119944195367996740141595149579345365622702665308182338288796913177524011048643150501304258211927360181203
1	484930510429731727104870202315745447609153203248953030725890687166211269140029495835932356826485821993093556535155096129709826497776614870774664153943387920415381132893862577781267403133902685436665863803958362401431767629875528808112141585081933629311767685971909332063778808723699609214967948015925469082589009
1	496545612475952846316962901772410009228534118296832145234295254523485790556557148430804988127719015334245498009051026575930421144429946963487829762421073858628923195957188627548483388837708737782454267727406466890088815956339613330462133000293476949774324995815547878939557941866782234585386341980378773667830197
1	316511530759525498529526060194109304128129935054705870354024460485730708600378533210279202958604518546390405163664104659511204121303299526433762831016941816319021218475634856156635610428714926422734006913960847315904566896146303234037266064514555482604686693239150402364981378149001541343901235531352552527829731
1	543006020660837323165333699599068255706057778488348603267913523952583876222667758810295513332651788698853263904634748360812799731043275334340492196331817611483091448210492826617347331652932947165607883421198884844717009262195951419862098661139650231624554235190102066442674474439112736067059917838191992030928459
1	319415306271080778332549235058275444532975163816675648981125602325049338954510446358997360783912816881678390532138087271066352782966632549612054233136363300872406734241466368598439606854666439509181107894822873438068828977762324364624763918317441312720326020700060039083926161434772197686505834022465878679531799
1	156803877623985109363251442664971581861642353146368045863461659323206039123123310030780522566648110105551209897595061023978027729819983251627735714448760165882817851354901671857415807001381706668143452966549410596870152407265141051724884105355834826244523682889120382823018297431615442500648318520119614421816711
1	130669898019987591136042868887476318218035294288640038219551382769338365935936091692317102138873425087959341581329217519981689774849986043023113095373966804902348209462418059881179839167818088890119544138791175497391793672720950876437403421129862355203769735740933652352515247859679535417206932100099679097198199
1	26133979603997518227208573777495263643607058857728007643910276553867673187187218338463420427774685017591868316265843503996337954969997208604622619074793360980469641892483611976235967833563617778023908827758235099478358734544190175287480684225972471040753947148186730470503049571935907083441386420019937789551759
1	342645510363523016756734633971604567771736993912433877997934737039598381787565751548742623386379203563982273479929948163507542076273296735038385450091735177299490860368118468132871578262278544200757915741719082415382925630690493409324746748740527953645440640387337132835484427720937448427342621951372487860961579
1	20326428580886958621162224049162982833916601333788450389707992875230412478923392041027104777158088347015897579317878280886040631643331162248039814835950391873698610360820587092627974981660591605129706866034182855149834571312147914112484976620200810809475292226367457032613483000394594398232189437793285491101307
1	383298367525296933999059082069930533439570196580010778777350722790059206745412535630796832940695380258014068638565704725279623339559959059534465079763635961046888081089759642318127528225599727411017329473787448125682594773314789237549716701980929575264391224840072046900711393721726637223807000826959053922439389
1	467507857360400048286731153130748605180081830677134358963283836130299487015238016943623409874636031981365644324311200460378934527796616731704915741226859013095068038298873503130443424578193606917983257918786205668446195140179402024587154462264618648617931721206451511750110109009075671159340357069245512199822367
1	316511530759525498529526060194109304128129935054705870354024460485730708600378533210279202958604518546390405163664104659511204121303299526433762831016941816319021218475634856156635610428714926422734006913960847315904566896146303234037266064514555482604686693239150402364981378149001541343901235531352552528843881
1	148092551089319269954181918072473160647106666860458709982158233805250148060727570584626049090723215099687253792173113189312581744829984182092861508090495712222661304057407134532003817723527167408802150023963332230377366162417077659962390543947177335897605700506391472666183947574303473472834523046779635982744433
1	23230204092442238424185398913329123238761830095758229016809134714549042833055305189745262602466386682303882947791860892441189293306664185426331216955371876427084126126652099534431971407612104691576807846896208977314096652928169044699982830423086640925114619687277093751558266286165250740836787928906611642289289
1	545909796172392602968356874463234396110903007250318381895014665791902506576799671959013671157960087034141249273108730972367948392706608357518783598451239096036476963976324339059151328078884460252054984402060910966881271343811972550449596514942536061740193562651011703161619257724883392409664516329305318181163753
1	281666224620862140893247961824115619269987189911068526828810758413907144350795575425661309054904938522934580741976313320849420181343303248294266005583884001678395029285656706854987653317296769385368795143616533849933421916754049666987291818879925521217014763708234761737643978719753665232646053637992638764066829
1	43556632673329197045347622962492106072678431429546679406517127589779455311978697230772367379624475029319780527109739173327229924949995347674371031791322268300782736487472686627059946389272696296706514712930391832463931224240316958812467807043287451734589911913644550784171749286559845139068977366699894671446863
1	508160714522173965529055601229074570847915033344711259742699821880760311973084801025677619428952208675397439482946957022151015791083279056200995370898759796842465259020514677315699374541514790128242671650854571378745864282803697852812124415505020270236882305659186425815337075009864859955804735944832078258644191
1	566236224753279561589519098512397378944819608584106832284722658667132919055723064000040775935118175381157146852426609253253989024349939519766823413287189487910175574337144926151779303060545051857184691268095093822031105915124120464562081491562736872549668854877379160194232740725277986807896705767098601213551157
1	211975612343535425620691765084128249553701699623793839778383354270260015851629659856425521247505778476022931898600730643525852301423310692015272354717768372397142650905700408251691739094460455310638371602927906917991131957969542532887343327610665598441670904646403480482969179861257913010135689851272811224694163
1	435566326733291970453476229624921060726784314295466794065171275897794553119786972307723673796244750293197805271097391733272299249499953476743710317913222683007827364874726866270599463892726962967065147129303918324639312242403169588124678070432874517345899119136445507841717492865598451390689773666998924573485009
1	267147347063085741878132087503284917245761046101219633693305049217313992580136009682070519928363446846494653899606400263073676873026638132402808994986776578911467450456499144645967671187539203953133290239306403239112111508673944014049802549865496370638818126403686578142920062290900383519623061182426008022326951
1	543006020660837323165333699599068255706057778488348603267913523952583876222667758810295513332651788698853263904634748360812799731043275334340492196331817611483091448210492826617347331652932947165607883421198884844717009262195951419862098661139650231624554235190102066442674474439112736067059917838191992034492649
1	342645510363523016756734633971604567771736993912433877997934737039598381787565751548742623386379203563982273479929948163507542076273296735038385450091735177299490860368118468132871578262278544200757915741719082415382925630690493409324746748740527953645440640387337132835484427720937448427342621951372487855256089
1	392009694059962773408128606662428954654105882865920114658654148308015097807808275076951306416620275263878024743987652559945069324549958129069339286121900414707044628387254179643539517503454266670358632416373526492175381018162852629312210263389587065611309207222800957057545743579038606251620796300299032362191737
1	58075510231105596060463497283322808096904575239395572542022836786372607082638262974363156506165966705759707369479652231102973233266660463565828042388429691067710315316630248836079928519030261728942019617240522443285241632320422611749957076057716602312786549218192734378895665715413126852091969822266525404604321
1	5807551023110559606046349728332280809690457523939557254202283678637260708263826297436315650616596670575970736947965223110297323326666046356582804238842969106771031531663024883607992851903026172894201961724052244328524163232042261174995707605771660231278654921819273437889566571541312685209196982226654752933793
1	365875714455965255180920032884933691010498824008192107014743871754147424620621056738487885988845590246286156427721809055948731369579960920464716667047107053726574986494770567667303549669890648892334723588615291392697022283618662454024729579163614594570555260074614226587042694007102699168179409880279097031728283
1	272954898086196301484178437231617198055451503625159190947507332895951253288399835979506835578980043517070624636554365486183974196353304178759391799225619548018238481988162169529575664039442230126027492201030455483440635671905986275224798257471268030870096781325505851580809628862441696204832258164652660313734219
1	557524898218613722180449573919898957730283922298197496403419233149177027993327324553886302459193280375293190747004661418588543039359940450231949206928925034250019027039650388826367313782690512597843388325509015455538319670276057072799587930154079382202750872494650250037398390867966017780082910293758622765449027
1	8711326534665839409069524592498421214535686285909335881303425517955891062395739446154473475924895005863956105421947834665445984989999069534874206358264453660156547297494537325411989277854539259341302942586078366492786244848063391762493561408657490346917982382728910156834349857311969027813795473339980899167599
1	267147347063085741878132087503284917245761046101219633693305049217313992580136009682070519928363446846494653899606400263073676873026638132402808994986776578911467450456499144645967671187539203953133290239306403239112111508673944014049802549865496370638818126403686578142920062290900383519623061182426008026006977
1	165515204158650948772320967257470003076178039432277381744765084841161930185519049476934996042573005111415166003017008858643473714809982321162609920807024619542974398652396209182827796279236245927484755909135488963362938652113204443487377666764492316591441665271849292979852647288927411528462113993459592864726001
1	331030408317301897544641934514940006152356078864554763489530169682323860371038098953869992085146010222830332006034017717286947429619964642325219841614049239085948797304792418365655592558472491854969511818270977926725877304226408886974755333528984633182883330543698585959705294577854823056924227986919183264619989
1	528487143103060924150217825278237553681831634678499710132407814755990724452008193066704724206110297022413337062264835303037056422726610218449035185734710188716163869381335264408327349523175381733372378516888754233895698854115845766924609392125221081046357597885553882847950558010259454354036925382625361295039667
1	81305714323547834484648896196651931335666405335153801558831971500921649915693568164108419108632353388063590317271513123544162526573324648992159259343801567494794441443282348370511899926642366420518827464136731420599338285248591656449939906480803243237901168905469828130453932001578377592928757751173134590532331
1	255532245016864622666039388046620355626380131053340519184900481860039471163608357087197888627130253505342712425710469816853082226373306039689643386509090640697925387393173094878751685483733151607344886315858298750455063182209859491699811134653953050176260816560048031267140929147817758149204667217972703433615817
1	548813571683947882771380049327400536515748236012288160522115807631221136930931585107731828983268385369429234641582713583923097054369941380697075000570660580589862479742155851500955324504835973338502085382922937089045533425427993681037094368745421891855832890111921339880564041010654048752269114820418644320522257
1	540102245149282043362310524734902115301212549726378824640812382113265245868535845661577355507343490363565278536160765749257651069379942311162200794212396126929705932444661314175543335226981434079160782440336858722552747180579930289274600807336764401508914907729192429723729691153342079724455319347078665878492687
1	78401938811992554681625721332485790930821176573184022931730829661603019561561655015390261283324055052775604948797530511989013864909991625813867857224380082941408925677450835928707903500690853334071726483274705298435076203632570525862442052677917413122261841444560191411509148715807721250324159260059808437649533
1	139381224554653430545112393479974739432570980574549374100854808287294256998331831138471575614798320093823297686751165354647135759839985112557987301732231258562504756759912597206591828445672628149460847081377253863884579917569014268199896982538519845550687718123662562509349597716991504445020727573439657531596047
1	508160714522173965529055601229074570847915033344711259742699821880760311973084801025677619428952208675397439482946957022151015791083279056200995370898759796842465259020514677315699374541514790128242671650854571378745864282803697852812124415505020270236882305659186425815337075009864859955804735944832078262665597
1	258436020528419902469062562910786496031225359815310297812001623699358101517740270235916046452438551840630697794184452428408230888036639062867934788628512125251310903159004607320555681909684664693791987296720324872619325263825880622287308988456838880291900144020957667986085712433588414491809265709086029580385593
1	339741734851967736953711459107438427366891765150464099370833595200279751433433838400024465561070905228694288111455965551952393414609963711860094047972313692746105344602286955691067581836327031114310814760857056293218663549074472278737248894937642123529801312926427496116539644435166792084738023460259161713024719
1	455892755314178929074638453674084043560700915629255244454879268773024965598710364348750778573402838640213702850415270014158339881143284638991750132749173074881525975235547453363227438874387554572194853995338101179789146813715317502237163047053075328155374411362812964874330975865993045788921963104792207610747131
1	17422653069331678818139049184996842429071372571818671762606851035911782124791478892308946951849790011727912210843895669330891969979998139069748412716528907320313094594989074650823978555709078518682605885172156732985572489696126783524987122817314980693835964765457820313668699714623938055627590946679959347980151
