sieve choosen 571
number of total trys 8942
1.1183180496533214% Erfolgsquote 
1	35188681395274299569309810900784100178815502555163425210674632828715024270494068768550255091915531377553205247779165259419630439991684418981149794498843548402719664233452047047761475831556971570430518431732652409207201905336289433363847
1	44379754894039974829950433150988902464327014416586707914955320507857008221742519566305918735326304498555908111005066633148638390735781095580703845300780296119847934742189522022923055339799464144796698619125509381761321805983828258919239
1	46743173793722577039829450301041565909172831752381266324627497339636375523492121200014517957917646158242317418691726986393240435212834526706303458364135459818538061444436301302250318641918962235348002095883672603275238351864624109527321
1	36501691895097967463687042650813357648174289963938179882714731068592450549243847453943921326688498966267877085382865455666631575812269658495371801756263083790880845734700257758498844332734470509625687029931631976714933319714509057009197
1	23371586896861288519914725150520782954586415876190633162313748669818187761746060600007258978958823079121158709345863493196620217606417263353151729182067729909269030722218150651125159320959481117674001047941836301637619175932313740907919
1	53833430492770383669466501751199556243710283759764941553644027834974477428740926101140315625691671137301545341751708046127046568643994820083102297554200950914608441551176639140232108548277456507001912526158162267816987989507010289338459
1	23371586896861288519914725150520782954586415876190633162313748669818187761746060600007258978958823079121158709345863493196620217606417263353151729182067729909269030722218150651125159320959481117674001047941836301637619175932312559629317
1	18382146997531350521281244500409604571023023722846565408561375358283967902496901595511327286821546242005405726451802747458015901488193353199108101603873495434256541017474949950323159016484985148732360374785713945108239801295080081204191
1	55146440992594051563843733501228813713069071168539696225684126074851903707490704786533981860464638726016217179355408242374047704464580059597324304811620486302769623052424849850969477049454955446197081124357141835324719403885230008445573
1	44642356994004708408825879500994753958198771898341658849363340155832493477492475303384651982280898016298842478525806672398038617899898143483548246752264203197480171042439164165070529040034963932635732338765305295262868088859470964734687
1	15230921797954547574775888300339386644561933941787154195665139582578144833497432750566528323366424029090193316202922276465213175518788778364975284186066610502669705414479244244553474613658987694663955739108162983089684406787348616436591
1	4726837799365204419758034300105326889691634671589116819344353663558734603499203267417198445182683319372818615373320706489204088954106862251199226126710327397380253404493558558654526604238996181102606953516326443027833091761595474925663
1	11291890298483543891644193050251614236485571715462890179544844862945865997248096694385529619047521262946177803391821687724209768057033059822309262413808004338186160910734612112341369110126490877078449944511224280566490163652693779813893
1	52520419992946715775089270001170298774351496350990186881603929595097051149991147415746649390918703548586873504148007849880045432823409580568880290296781415526447260049928428429494740047099957567806743927959182700309256575128790683255079
1	27835822596261759360797313100620258350406293066024799047250082685401437109495308130345724177186912880751042957198444160436424079396407077701506553857294150229017047826462067067632212224962977510937574281818366831163905984818261646970861
1	24947199496649689993167403250555891917816960766720338768761866557671099296245795022479658460686384185578764914470303728693021580591119550770218137890971172375062448523716003504010001522372479844708203365780611782646896873186176354238667
1	28623628896155960097423652150637812832021565511289651850474141629327892876745175341581923918050693433979846059760664278184624760888758221410039758211745871461913756727210993494074633325669476874454675440737754571668544833445192390136377
1	47793582193581511355331235701064971884659861679401070062259575931538316546491944148329450945736020229214054888774687143390841343869302718317681064170071088129067006645434869870840213442860961386704136974442856257281423483367201681957461
1	46217969593793109882078557601029862921429316788871364455811458043685405011992209725857051464008459122756448683650246907894439980884600430900614655461167645663273588843937017017955371241447962659669934656604080776272145786113333565490757
1	27048016296367558624170974050602703868791020620759946244026023741474981342245440919109524436323132327522239854636224042688223397904055933992973349502842428996120338925713140641189791124256478147420473122898979090659267136191330456082713
1	45430163293898909145452218551012308439814044343606511652587399099758949244742342514620851723144678569527645581088026790146239299392249287192081451106715924430376879943188090591512950140741463296152833497684693035767506937486402804711987
1	54358634692699850827217394451211259231453798723274843422460067130925447940240837575297782119600858172787414076793188124625847022972228915888791100457168765069872914151675923424527055948748456082679979965437754094820080555258296616043843
1	46743173793722577039829450301041565909172831752381266324627497339636375523492121200014517957917646158242317418691726986393240435212834526706303458364135459818538061444436301302250318641918962235348002095883672603275238351864625151579017
1	7090256699047806629637051450157990334537452007383675229016530495338101905248804901125797667774024979059227923059981059733806133431160293376798839190065491096070380106740337837981789906358494271653910430274489664541749637642387646982937
1	32562660395626963780555347400725585240097927737613915866594436348960171712994511397762922622369596200123861572571764866925628168350513939952705779984004477626397301230955625626286738829201973692040181235334693274191739076579853028686949
1	11029288198518810312768746700245762742613814233707939245136825214970380741498140957306796372092927745203243435871081648474809540892916011919464860962324097260553924610484969970193895409890991089239416224871428367064943880777049849910803
1	42278938094322106198946862350942090513352954562547100439691163324053126175742873669676052759689556356612433170839146319153436573422844712357948633688909039498790044340192384885743265737915465842084428862007142073748951542978675692478559
1	4726837799365204419758034300105326889691634671589116819344353663558734603499203267417198445182683319372818615373320706489204088954106862251199226126710327397380253404493558558654526604238996181102606953516326443027833091761596768443799
1	34138272995415365253808025500760694203328472628143621473042554236813083247494245820235322104097157306581467777696205102422029531335216227369772188692907920092190719032453478479171581030614972419074383553173468755201016773833717200042789
1	17331738597672416205779459100386198595535993795826761670929296766382026879497078647196394299003172171033668256368842590460414992831725161587730495797937867123727595816476381381733264215542985997376225496226530291102054669792503740733039
1	6565052499118339471886158750146287346793937043873773360200491199387131393748893426968331173864837943573359188018500981235005679102926197571110036287097676940805907506241053553686842505887494695975842990994897837538657071891102995893239
1	23896791096790755677665617850532485942329930839700535031129787965769158273245972074164725472868010114607027444387343571695420671934651359158840532085035544064533503322717434935420106721430480693352068487221428128640711741683601990856697
1	37026896095027434621437935350825060635917804927448081751530770364543421060743758928101387820597686001753745820424345534165432030140503754301060604659230897946145318335199542042793791733205470085303754469211223803718025885465797243890553
1	4201633599435737262007141600093623901948119708079214950528314367607764091999291793259731951273496283886949880331840627990403634625872766445510423223742513242115780803994274274359579203767996605424539514236734616024740526010307735939011
1	45430163293898909145452218551012308439814044343606511652587399099758949244742342514620851723144678569527645581088026790146239299392249287192081451106715924430376879943188090591512950140741463296152833497684693035767506937486404991656999
1	33350466695521164517181686450743139721713200182878768669818495292886627480244378608999122363233376753352664675133984984673828849842865083661238984338456198859294010131704552052729159929908473055557282394254081014696377925206781991700861
1	20745565897213952731160261650462268015868841058641123818233552190063335204246503229219926509412887901691815034138463100702617945965246784324707714667228659132946667719721729229650422318604483239283663851543877166622156347175875350043839
1	6039848299188872314135266050134584359050422080363871491384451903436160882248981952810864679955650908087490452977020902736205224774692101765421233384129862785541434905741769269391895105416495120297775551715306010535564506139814204382973
1	3413827299541536525380802550076069420332847262814362147304255423681308324749424582023532210409715730658146777769620510242202953133521622736977218869290792009219071903245347847917158103061497241907438355317346875520101677383376538568199
1	42804142294251573356697755050953793501096469526057002308507202620004096687242785143833519253598743392098301905880626397652237027751078808163637436591876853654054516940691669170038213138386465417762496301286733900752044108729963756276589
1	7878062998942007366263390500175544816152724452648528032240589439264557672498672112361997408637805532288031025622201177482006814923511437085332043544517212328967089007489264264424211007064993635171011589193877405046388486269320471083773
1	18382146997531350521281244500409604571023023722846565408561375358283967902496901595511327286821546242005405726451802747458015901488193353199108101603873495434256541017474949950323159016484985148732360374785713945108239801295081437043999
1	23896791096790755677665617850532485942329930839700535031129787965769158273245972074164725472868010114607027444387343571695420671934651359158840532085035544064533503322717434935420106721430480693352068487221428128640711741683599317262861
1	30724445695873828728427222950684624782995625365329259325738298813131774922744821238211789893687441575923320999926584592179826578201694604632794969823617128082971647129208130631254422927553475177166945197856121879680915096450342703518191
1	14180513398095613259274102900315980669074904014767350458033060990676203810497609802251595335548049958118455846119962119467612266862320586753597678380130982192140760213480675675963579812716988543307820860548979329083499275284778526564481
1	18907351197460817679032137200421307558766538686356467277377414654234938413996813069668793780730733277491274461493282825956816355816427449004796904506841309589521013617974234234618106416955984724410427814065305772111332367046363667742727
1	53308226292840916511715609051187853255966768796255039684827988539023506917241014626982849131782484101815676606710227967628246114315760724277413494651233136759343968950677354855937161147806456931323845086878570440813895423755723689755723
1	44117152794075241251074986800983050970455256934831756980547300859881522965992563829227185488371710980812973743484326593899238163571664047677859443849296389042215698441939879880775581639563964356957664899485713468259775523108184790699189
1	14968319697989813995900441950333535150690176460032203261257119934602659577747477013487795076411830511347258948682182237215812948354671730462130882734582703425037469114229602102406000913423487906824922019468367069588138123911706603545517
1	18119544897566616942405798150403753077151266241091614474153355710308482646746945858432594039866952724262471358931062708208615674324076305296263700152389588356624304717225307808175685316249485360893326655145918031606693518419431875232691
1	5252041999294671577508927000117029877435149635099018688160392959509705114999114741574664939091870354858687350414800784988004543282340958056888029029678141552644726004992842842949474004709995756780674392795918270030925657512884640266031
1	13655309198166146101523210200304277681331389051257448589217021694725233298997698328094128841638862922632587111078482040968811812534086490947908875477163168036876287612981391391668632412245988967629753421269387502080406709533488241586677
1	42016335994357372620071416000936239019481197080792149505283143676077640919992917932597319512734962838869498803318406279904036346258727664455104232237425132421157808039942742743595792037679966054245395142367346160247405260103030651167679
1	34138272995415365253808025500760694203328472628143621473042554236813083247494245820235322104097157306581467777696205102422029531335216227369772188692907920092190719032453478479171581030614972419074383553173468755201016773833713711738849
1	25472403696579157150918295950567594905560475730230240637577905853622069807745706496637124954595571221064633649511783807191822034919353646575906940793938986530326921124215287788304948922843479420386270805060203609649989438937465197087693
1	47268377993652044197580343001053268896916346715891168193443536635587346034992032674171984451826833193728186153733207064892040889541068622511992261267103273973802534044935585586545266042389961811026069535163264430278330917615913245295509
1	43854550694110507672199540450977199476583499453076806046139281211906037710242608092148452241417117463070039375963586554649837936407546999775015042397812481964583462141690237738628107939328464569118631179845917554758229240232539169076653
1	53308226292840916511715609051187853255966768796255039684827988539023506917241014626982849131782484101815676606710227967628246114315760724277413494651233136759343968950677354855937161147806456931323845086878570440813895423755723461956169
1	37552100294956901779188828050836763623661319890957983620346809660494391572243670402258854314506873037239614555465825612664232484468737850106749407562198712101409790935698826327088739133676469660981821908490815630721118451217086090584629
1	17856942797601883363530351800397901583279508759336663539745336062332997390996990121353860792912359206519536991410322668959215447159959257393419298700905681278992068416975665666028211616013985573054292935506122118105147235543792817797241
1	18119544897566616942405798150403753077151266241091614474153355710308482646746945858432594039866952724262471358931062708208615674324076305296263700152389588356624304717225307808175685316249485360893326655145918031606693518419437326327053
1	52783022092911449353964716351176150268223253832745137816011949243072536405741103152825382637873297066329807871668747889129445659987526628471724691748265322604079496350178070571642213747335457355645777647598978613810802858004431875035587
1	49106592693405179249708467451094229354018649088175824734299674171415742825241722833723117180508987817928726726378387339637842479689887957831903071427490623517228188146683080581577581944038460325899305572641835824789154897745420176735377
1	23371586896861288519914725150520782954586415876190633162313748669818187761746060600007258978958823079121158709345863493196620217606417263353151729182067729909269030722218150651125159320959481117674001047941836301637619175932315971399579
1	27048016296367558624170974050602703868791020620759946244026023741474981342245440919109524436323132327522239854636224042688223397904055933992973349502842428996120338925713140641189791124256478147420473122898979090659267136191331029502459
1	46217969593793109882078557601029862921429316788871364455811458043685405011992209725857051464008459122756448683650246907894439980884600430900614655461167645663273588843937017017955371241447962659669934656604080776272145786113336250380567
1	37814702394921635358064274400842615117533077372712934554754829308469876827993626139337587561461466554982548922986565651913632711632854898009593809013682619179042027235948468469236212833911969448820855628130611544222664734092732438227243
1	49106592693405179249708467451094229354018649088175824734299674171415742825241722833723117180508987817928726726378387339637842479689887957831903071427490623517228188146683080581577581944038460325899305572641835824789154897745415898021431
1	29411435196050160834049991200655367313636837956554504653698200573254348643995042552818123658914473987208649162322884395932825442381109365118572962566197592694810465627959919920517054426375976237971776599657142312173183682072123045077007
1	17594340697637149784654905450392050089407751277581712605337316414357512135247034384275127545957765688776602623889582629709815219995842209490574897249421774201359832116726023523880737915778485785215259215866326204603600952668146048029887
1	24947199496649689993167403250555891917816960766720338768761866557671099296245795022479658460686384185578764914470303728693021580591119550770218137890971172375062448523716003504010001522372479844708203365780611782646896873186176155992149
1	11817094498413011049395085750263317224229086678972792048360884158896836508748008168542996112956708298432046538433301766223010222385267155627998065316775818493450633511233896396636316510597490452756517383790816107569582729403981232249149
1	42278938094322106198946862350942090513352954562547100439691163324053126175742873669676052759689556356612433170839146319153436573422844712357948633688909039498790044340192384885743265737915465842084428862007142073748951542978676876647431
1	48056184293546244934206682051070823378531619161156020996667595579513801802241899885408184192690613746956989256295427182640241571033419766220525465621554995206699242945684512012987687143096461174543170694082652170782969766242842238229649
1	9453675598730408839516068600210653779383269343178233638688707327117469206998406534834396890365366638745637230746641412978408177908213724502398452253420654794760506808987117117309053208477992362205213907032652886055666183523185716969133
1	31249649895803295886178115650696327770739140328839161194554338109082745434244732712369256387596628611409189734968064670678627032529928700438483772726584942238236119729707414915549370328024474752845012637135713706684007662201633139796333
1	35188681395274299569309810900784100178815502555163425210674632828715024270494068768550255091915531377553205247779165259419630439991684418981149794498843548402719664233452047047761475831556971570430518431732652409207201905336291141521943
1	30724445695873828728427222950684624782995625365329259325738298813131774922744821238211789893687441575923320999926584592179826578201694604632794969823617128082971647129208130631254422927553475177166945197856121879680915096450344783303243
1	7615460898977273787387944150169693322280966970893577097832569791289072416748716375283264161683212014545096658101461138232606587759394389182487642093033305251334852707239622122276737306829493847331977869554081491544842203393676652311169
1	27573220496297025781921866750614406856534535584269848112842063037425951853745352393266990930232319363008108589677704121187023852232290029798662152405810243151384811526212424925484738524727477723098540562178570917662359701942618889392021
1	42804142294251573356697755050953793501096469526057002308507202620004096687242785143833519253598743392098301905880626397652237027751078808163637436591876853654054516940691669170038213138386465417762496301286733900752044108729965247686929
1	36501691895097967463687042650813357648174289963938179882714731068592450549243847453943921326688498966267877085382865455666631575812269658495371801756263083790880845734700257758498844332734470509625687029931631976714933319714511781341259
1	20482963797249219152284815300456416521997083576886172883825532542087849948496547492141193262458294383948880666617723061453217718801129736421863313215744752055314431419472087087502948618368983451444630131904081253120610064300231909829227
1	40178121294604237567943291550895278562378894708507492964427006140249244129743227773046186784052808214668958230673226005158234756109908329135193422077037782877732153938195247748563476136031467539372159104888774765736581279973526344643911
1	32300058295662230201679901050719733746226170255858964932186416700984686457244555660684189375415002682380927205051024827676227941186396892049861378532520570548765064930705983484139265128966473904201147515694897360690192793704206144367703
1	51207409493123047880712038251141041304992708942215432209563831355219624871241368730352983156145735959872201666544307653633044297002824341054658283039361880138286078548680217718757371545922458628611575329760203132801525160750569389056681
1	14180513398095613259274102900315980669074904014767350458033060990676203810497609802251595335548049958118455846119962119467612266862320586753597678380130982192140760213480675675963579812716988543307820860548979329083499275284774922952053
1	32300058295662230201679901050719733746226170255858964932186416700984686457244555660684189375415002682380927205051024827676227941186396892049861378532520570548765064930705983484139265128966473904201147515694897360690192793704206184400017
1	28098424696226492939672759450626109844278050547779749981658102333376922365245263867424457424141506398493977324719184199685824306560524125604350955308778057306649284126711709209779685925198477298776608001458162744665452267693905041011003
1	52783022092911449353964716351176150268223253832745137816011949243072536405741103152825382637873297066329807871668747889129445659987526628471724691748265322604079496350178070571642213747335457355645777647598978613810802858004433185348809
1	44642356994004708408825879500994753958198771898341658849363340155832493477492475303384651982280898016298842478525806672398038617899898143483548246752264203197480171042439164165070529040034963932635732338765305295262868088859473687412857
1	6302450399153605893010712400140435852922179562118822425792471551411646137998937689889597926910244425830424820497760941985605451938809149668265634835613769863173671205991411411539368805651994908136809271355101924037110789015458645337359
1	47268377993652044197580343001053268896916346715891168193443536635587346034992032674171984451826833193728186153733207064892040889541068622511992261267103273973802534044935585586545266042389961811026069535163264430278330917615912647871979
1	11029288198518810312768746700245762742613814233707939245136825214970380741498140957306796372092927745203243435871081648474809540892916011919464860962324097260553924610484969970193895409890991089239416224871428367064943880777051149768267
1	44642356994004708408825879500994753958198771898341658849363340155832493477492475303384651982280898016298842478525806672398038617899898143483548246752264203197480171042439164165070529040034963932635732338765305295262868088859473924029339
1	53570828392805650090591055401193704749838526278009990619236008186998992172990970364061582378737077619558610974230968006877646341479877772180257896102717043836976205250926996998084634848041956719162878806518366354315441706631364816968221
1	10766686098554076733893300350239911248742056751952988310728805566994895485748185220228063125138334227460309068350341609225409313728798964016620459510840190182921688310235327828046421709655491301400382505231632453563397597901402700796419
1	26785414196402825045295527700596852374919263139004995309618004093499496086495485182030791189368538809779305487115484003438823170739938886090128948051358521918488102625463498499042317424020978359581439403259183177157720853315682576571793
1	23108984796896554941039278800514931460714658394435682227905729021842702505996104862928525732004229561378224341825123453947219990442300215450307327730583822831636794421968508508977685620723981329834967328302040388136072893056670744349309
1	18907351197460817679032137200421307558766538686356467277377414654234938413996813069668793780730733277491274461493282825956816355816427449004796904506841309589521013617974234234618106416955984724410427814065305772111332367046367951774023
