sieve choosen 571
number of total trys 9298
1.0755001075500108% Erfolgsquote 
1	3413827299541536525380802550076069420332847262814362147304255423681308324749424582023532210409715730658146777769620510242202953133521622736977218869290792009219071903245347847917158103061497241907438355317346875520101677383373900743151
1	9716277698695142418391514950216505273255026824933184573096726975092954462748362271913130137319960156488571598267381452227808405072330772405242853704904561872392743109236759259456526908713492150044247626672448799557212466398831668224147
1	35451283495239033148185257250789951672687260036918376145082652476690509526244024505628988338870124895296139615299905298669030667155801466883994195950327455480351900533701689189908949531792471358269552151372448322708748188211935148425679
1	38339906594851102515815167100854318105276592336222836423570868604420847339493537613495054055370653590468417658028045730412433165961088993815282611916650433334306499836447752753531160234382969024498923067410203371225757299844016039418393
1	3939031499471003683131695250087772408076362226324264016120294719632278836249336056180998704318902766144015512811100588741003407461755718542666021772258606164483544503744632132212105503532496817585505794596938702523194243134663261289333
1	14180513398095613259274102900315980669074904014767350458033060990676203810497609802251595335548049958118455846119962119467612266862320586753597678380130982192140760213480675675963579812716988543307820860548979329083499275284776624508621
1	22058576397037620625537493400491525485227628467415878490273650429940761482996281914613592744185855490406486871742163296949619081785832023838929721924648194521107849220969939940387790819781982178478832449742856734129887761554095732956987
1	33087864595556430938306240100737288227841442701123817735410475644911142224494422871920389116278783235609730307613244945424428622678748035758394582886972291781661773831454909910581686229672973267718248674614285101194831642331141654788989
1	24421995296720222835416510550544188930073445803210436899945827261720128784745883548322191966777197150092896179428823650194221126262885454964529334988003358219797975923216719219715054121901480269030135926501019955643804307434891700309119
1	18644749097496084100156690850415456064894781204601516342969395006259453158246857332590060533776139759748340093972542786707416128652310401101952503055357402511888777317724592092470632716720484936571394094425509858609786084170721770591837
1	9978879798659875997266961300222356767126784306688135507504746623068439718498318008991863384274553674231505965788121491477208632236447820308087255156388468950024979409486401401604000608948991937883281346312244713058758749274470583967137
1	34663477195344832411558918200772397191071987591653523341858593532764053758994157294392788598006344342067336512737685180920829985663450323175460991595875734247455191632952762763466528431085971994752450992453060582204109339585003226046223
1	17069136497707682626904012750380347101664236314071810736521277118406541623747122910117661052048578653290733888848102551211014765667608113684886094346453960046095359516226739239585790515307486209537191776586734377600508386916859747147899
1	2626020999647335788754463500058514938717574817549509344080196479754852557499557370787332469545935177429343675207400392494002271641170479028444014514839070776322363002496421421474737002354997878390337196397959135015462828756439861788003
1	41491131794427905462320523300924536031737682117282247636467104380126670408493006458439853018825775803383630068276926201405235891930493568649415429334457318265893335439443458459300844637208966478567327703087754333244312694351745074240019
1	41228529694463171883445076950918684537865924635527296702059084732151185152743050721361119771871182285640695700756186162155835664766376520746571027882973411188261099139193816317153370936973466690728293983447958419742766411476099847670771
1	16543932297778215469153120050368644113920721350561908867705237822455571112247211435960194558139391617804865153806622472712214311339374017879197291443486145890830886915727454955290843114836486633859124337307142550597415821165570240543577
1	23896791096790755677665617850532485942329930839700535031129787965769158273245972074164725472868010114607027444387343571695420671934651359158840532085035544064533503322717434935420106721430480693352068487221428128640711741683600348303047
1	18907351197460817679032137200421307558766538686356467277377414654234938413996813069668793780730733277491274461493282825956816355816427449004796904506841309589521013617974234234618106416955984724410427814065305772111332367046364284779611
1	31249649895803295886178115650696327770739140328839161194554338109082745434244732712369256387596628611409189734968064670678627032529928700438483772726584942238236119729707414915549370328024474752845012637135713706684007662201630533292787
1	28361026796191226518548205800631961338149808029534700916066121981352407620995219604503190671096099916236911692239924238935224533724641173507195356760261964384281520426961351351927159625433977086615641721097958658166998550569547309344977
1	24947199496649689993167403250555891917816960766720338768761866557671099296245795022479658460686384185578764914470303728693021580591119550770218137890971172375062448523716003504010001522372479844708203365780611782646896873186174726200441
1	25997607896508624308669188650579297893303990693740142506393945149573040319245617970794591448504758256550502384553263885690622489247587742381595743696906800685591393724714572072599896323314478996064338244339795436653082004688752081640371
1	25997607896508624308669188650579297893303990693740142506393945149573040319245617970794591448504758256550502384553263885690622489247587742381595743696906800685591393724714572072599896323314478996064338244339795436653082004688754491670531
1	35188681395274299569309810900784100178815502555163425210674632828715024270494068768550255091915531377553205247779165259419630439991684418981149794498843548402719664233452047047761475831556971570430518431732652409207201905336292120697121
1	20745565897213952731160261650462268015868841058641123818233552190063335204246503229219926509412887901691815034138463100702617945965246784324707714667228659132946667719721729229650422318604483239283663851543877166622156347175871811217613
1	19169953297425551257907583550427159052638296168111418211785434302210423669746768806747527027685326795234208829014022865206216582980544496907641305958325216667153249918223876376765580117191484512249461533705101685612878649922013056058231
1	4201633599435737262007141600093623901948119708079214950528314367607764091999291793259731951273496283886949880331840627990403634625872766445510423223742513242115780803994274274359579203767996605424539514236734616024740526010307124798001
1	52520419992946715775089270001170298774351496350990186881603929595097051149991147415746649390918703548586873504148007849880045432823409580568880290296781415526447260049928428429494740047099957567806743927959182700309256575128790156294387
1	21795974297072887046662047050485673991355870985660927555865630781965276227246326177534859497231261972663552504221423257700218854621714975936085320473164287443475612920720297798240317119546482390639798730103060820628341478678452563655371
1	45167561193934175566576772201006456945942286861851560718179379451783463988992386777542118476190085051784711213567286750896839072228132239289237049655232017352744643642938448449365476440505963508313799778044897122265960654610757844565203
1	41753733894392639041195969650930387525609439599037198570875124028102155664242962195518586265780369321126564435797666240654636119094610616552259830785941225343525571739693100601448318337444466266406361422727550246745858977227389449465531
1	44117152794075241251074986800983050970455256934831756980547300859881522965992563829227185488371710980812973743484326593899238163571664047677859443849296389042215698441939879880775581639563964356957664899485713468259775523108183220274261
1	33875670895450631674932579150754842709456715146388670538634534588837597991744290083156588857142563788838533410175465063172629304171099179466927787241424013014558482732203836337024107330379472631235349833533672841699470490958069734491647
1	51995215793017248617338377301158595786607981387480285012787890299146080638491235941589182897009516513101004769106527771381244978495175484763191487393813601371182787449429144145199792646628957992128676488679590873306164009377500532328287
1	11554492398448277470519639400257465730357329197217841113952864510921351252998052431464262866002114780689112170912561726973609995221150107725153663865291911415818397210984254254488842810361990664917483664151020194068036446528336710280289
1	10504083998589343155017854000234059754870299270198037376320785919019410229998229483149329878183740709717374700829601569976009086564681916113776058059356283105289452009985685685898948009419991513561348785591836540061851315025759913204013
1	54358634692699850827217394451211259231453798723274843422460067130925447940240837575297782119600858172787414076793188124625847022972228915888791100457168765069872914151675923424527055948748456082679979965437754094820080555258295154201731
1	20482963797249219152284815300456416521997083576886172883825532542087849948496547492141193262458294383948880666617723061453217718801129736421863313215744752055314431419472087087502948618368983451444630131904081253120610064300232719325589
1	55146440992594051563843733501228813713069071168539696225684126074851903707490704786533981860464638726016217179355408242374047704464580059597324304811620486302769623052424849850969477049454955446197081124357141835324719403885230487973229
1	17594340697637149784654905450392050089407751277581712605337316414357512135247034384275127545957765688776602623889582629709815219995842209490574897249421774201359832116726023523880737915778485785215259215866326204603600952668148284792393
1	32825262495591697359430793750731436733969685219368866801002455996935656968744467134841655869324189717866795940092504906175028395514630987855550181435488384704029537531205267768434212529437473479879214954974489187693285359455497721469129
1	8140665098906740945138836850181396310024481934403478966648609087240042928248627849440730655592399050030965393142941216731407042087628484988176444996001119406599325307738906406571684707300493423010045308833673318547934769144968075166893
1	37026896095027434621437935350825060635917804927448081751530770364543421060743758928101387820597686001753745820424345534165432030140503754301060604659230897946145318335199542042793791733205470085303754469211223803718025885465796922235223
1	19695157497355018415658476250438862040381811131621320080601473598161394181246680280904993521594513830720077564055502943705017037308778592713330108861293030822417722518723160661060527517662484087927528972984693512615971215673296398992253
1	2100816799717868631003570800046811950974059854039607475264157183803882045999645896629865975636748141943474940165920313995201817312936383222755211611871256621057890401997137137179789601883998302712269757118367308012370263005152605564359
1	53570828392805650090591055401193704749838526278009990619236008186998992172990970364061582378737077619558610974230968006877646341479877772180257896102717043836976205250926996998084634848041956719162878806518366354315441706631366891714777
1	39127712894745303252441506150871872586891864781487689226794927548347303106743404824731253796234434143697220760590265848160633847453440137523815816271102154567203208737196679179973581335089468388016024226329591111730396148470951341015761
1	22846382696931821362163832450509079966842900912680731293497709373867217250246149125849792485049636043635289974304383414697819763278183167547462926279099915754004558121718866366830211920488481541995933608662244474634526610181028106363121
1	27835822596261759360797313100620258350406293066024799047250082685401437109495308130345724177186912880751042957198444160436424079396407077701506553857294150229017047826462067067632212224962977510937574281818366831163905984818261106766353
1	44904959093969441987701325851000605452070529380096609783771359803807978733242431040463385229235491534041776846046546711647438845064015191386392648203748110275112407342688806307218002740270463720474766058405101208764414371735118427970743
1	37814702394921635358064274400842615117533077372712934554754829308469876827993626139337587561461466554982548922986565651913632711632854898009593809013682619179042027235948468469236212833911969448820855628130611544222664734092732251699981
1	38339906594851102515815167100854318105276592336222836423570868604420847339493537613495054055370653590468417658028045730412433165961088993815282611916650433334306499836447752753531160234382969024498923067410203371225757299844014668688977
1	49369194793369912828583913801100080847890406569930775668707693819391228080991678570801850427463581335671661093899127378887242706854005005734747472878974530594860424446932722723725055644273960113738339292281631738290701180621061201877683
1	33087864595556430938306240100737288227841442701123817735410475644911142224494422871920389116278783235609730307613244945424428622678748035758394582886972291781661773831454909910581686229672973267718248674614285101194831642331139242590767
1	33875670895450631674932579150754842709456715146388670538634534588837597991744290083156588857142563788838533410175465063172629304171099179466927787241424013014558482732203836337024107330379472631235349833533672841699470490958069778865253
1	29148833096085427255174544850649515819765080474799553719290180925278863388245086815739390411959880469465714794802144356683425215216992317215728561114713685617178229327710277778369580726140476450132742880017346398671637399196480171214193
1	11817094498413011049395085750263317224229086678972792048360884158896836508748008168542996112956708298432046538433301766223010222385267155627998065316775818493450633511233896396636316510597490452756517383790816107569582729403978873494173
1	37026896095027434621437935350825060635917804927448081751530770364543421060743758928101387820597686001753745820424345534165432030140503754301060604659230897946145318335199542042793791733205470085303754469211223803718025885465795619790671
1	25735005796543890729793742300573446399432233211985191571985925501597555063495662233715858201550164738807568017032523846441222262083470694478751342245422893607959157424464929930452422623078979208225304524699999523151535721813109523175947
1	25997607896508624308669188650579297893303990693740142506393945149573040319245617970794591448504758256550502384553263885690622489247587742381595743696906800685591393724714572072599896323314478996064338244339795436653082004688754120073951
1	49106592693405179249708467451094229354018649088175824734299674171415742825241722833723117180508987817928726726378387339637842479689887957831903071427490623517228188146683080581577581944038460325899305572641835824789154897745419505425389
1	7090256699047806629637051450157990334537452007383675229016530495338101905248804901125797667774024979059227923059981059733806133431160293376798839190065491096070380106740337837981789906358494271653910430274489664541749637642388949590211
1	19957759597319751994533922600444713534253568613376271015009493246136879436996636017983726768549107348463011931576242982954417264472895640616174510312776937900049958818972802803208001217897983875766562692624489426117517498548940005997449
1	11029288198518810312768746700245762742613814233707939245136825214970380741498140957306796372092927745203243435871081648474809540892916011919464860962324097260553924610484969970193895409890991089239416224871428367064943880777046629645421
1	41228529694463171883445076950918684537865924635527296702059084732151185152743050721361119771871182285640695700756186162155835664766376520746571027882973411188261099139193816317153370936973466690728293983447958419742766411476099301079327
1	11817094498413011049395085750263317224229086678972792048360884158896836508748008168542996112956708298432046538433301766223010222385267155627998065316775818493450633511233896396636316510597490452756517383790816107569582729403982375561207
1	18119544897566616942405798150403753077151266241091614474153355710308482646746945858432594039866952724262471358931062708208615674324076305296263700152389588356624304717225307808175685316249485360893326655145918031606693518419433790438481
1	43591948594145774093324094100971347982711741971321855111731261563930552454492652355069718994462523945327105008442846515400437709243429951872170640946328574886951225841440595596480634239092964781279597460206121641256682957356897461621907
1	37814702394921635358064274400842615117533077372712934554754829308469876827993626139337587561461466554982548922986565651913632711632854898009593809013682619179042027235948468469236212833911969448820855628130611544222664734092731685093407
1	22583780596967087783288386100503228472971143430925780359089689725891731994496193388771059238095042525892355606783643375448419536114066119644618524827616008676372321821469224224682738220252981754156899889022448561132980327305380102891549
1	53570828392805650090591055401193704749838526278009990619236008186998992172990970364061582378737077619558610974230968006877646341479877772180257896102717043836976205250926996998084634848041956719162878806518366354315441706631363351648999
1	18119544897566616942405798150403753077151266241091614474153355710308482646746945858432594039866952724262471358931062708208615674324076305296263700152389588356624304717225307808175685316249485360893326655145918031606693518419436517688609
1	36501691895097967463687042650813357648174289963938179882714731068592450549243847453943921326688498966267877085382865455666631575812269658495371801756263083790880845734700257758498844332734470509625687029931631976714933319714507142336223
1	33613068795485898096057132800748991215584957664633719604226514940862112735994334346077855610187970271095599042654725023923229077006982131564083385789940105936926246431954194194876633630143972843396316113893876928197924208082428527459799
1	16543932297778215469153120050368644113920721350561908867705237822455571112247211435960194558139391617804865153806622472712214311339374017879197291443486145890830886915727454955290843114836486633859124337307142550597415821165570352531701
1	16018728097848748311402227350356941126177206387052006998889198526504600600747299961802728064230204582318996418765142394213413857011139922073508488540518331735566414315228170670995895714365487058181056898027550723594323255414286044854859
1	37026896095027434621437935350825060635917804927448081751530770364543421060743758928101387820597686001753745820424345534165432030140503754301060604659230897946145318335199542042793791733205470085303754469211223803718025885465799160844089
1	1313010499823667894377231750029257469358787408774754672040098239877426278749778685393666234772967588714671837603700196247001135820585239514222007257419535388161181501248210710737368501177498939195168598198979567507731414378223340892491
1	32562660395626963780555347400725585240097927737613915866594436348960171712994511397762922622369596200123861572571764866925628168350513939952705779984004477626397301230955625626286738829201973692040181235334693274191739076579851299434321
1	25997607896508624308669188650579297893303990693740142506393945149573040319245617970794591448504758256550502384553263885690622489247587742381595743696906800685591393724714572072599896323314478996064338244339795436653082004688753992486471
1	19695157497355018415658476250438862040381811131621320080601473598161394181246680280904993521594513830720077564055502943705017037308778592713330108861293030822417722518723160661060527517662484087927528972984693512615971215673299079991309
1	51995215793017248617338377301158595786607981387480285012787890299146080638491235941589182897009516513101004769106527771381244978495175484763191487393813601371182787449429144145199792646628957992128676488679590873306164009377501066968619
1	19169953297425551257907583550427159052638296168111418211785434302210423669746768806747527027685326795234208829014022865206216582980544496907641305958325216667153249918223876376765580117191484512249461533705101685612878649922009679480013
1	16281330197813481890277673700362792620048963868806957933297218174480085856497255698881461311184798100061930786285882433462814084175256969976352889992002238813198650615477812813143369414600986846020090617667346637095869538289926271339581
1	28623628896155960097423652150637812832021565511289651850474141629327892876745175341581923918050693433979846059760664278184624760888758221410039758211745871461913756727210993494074633325669476874454675440737754571668544833445192387622269
1	47268377993652044197580343001053268896916346715891168193443536635587346034992032674171984451826833193728186153733207064892040889541068622511992261267103273973802534044935585586545266042389961811026069535163264430278330917615910291139049
1	31512251995768029465053562000702179264610897810594112128962357757058230689994688449447989634551222129152124102488804709928027259694045748341328174178068849315868356029957057057696844028259974540684046356775509620185553945077273038345747
1	16543932297778215469153120050368644113920721350561908867705237822455571112247211435960194558139391617804865153806622472712214311339374017879197291443486145890830886915727454955290843114836486633859124337307142550597415821165573162098719
1	6565052499118339471886158750146287346793937043873773360200491199387131393748893426968331173864837943573359188018500981235005679102926197571110036287097676940805907506241053553686842505887494695975842990994897837538657071891099462561023
1	19695157497355018415658476250438862040381811131621320080601473598161394181246680280904993521594513830720077564055502943705017037308778592713330108861293030822417722518723160661060527517662484087927528972984693512615971215673296846748847
1	262602099964733578875446350005851493871757481754950934408019647975485255749955737078733246954593517742934367520740039249400227164117047902844401451483907077632236300249642142147473700235499787839033719639795913501546282875650102248767
1	38602508694815836094690613450860169599148349817977787357978888252396332595243493350573787302325247108211352025548785769661833393125206041718127013368134340411938736136697394895678633934618468812337956787049999284727303582719662203236457
1	26785414196402825045295527700596852374919263139004995309618004093499496086495485182030791189368538809779305487115484003438823170739938886090128948051358521918488102625463498499042317424020978359581439403259183177157720853315686521962609
1	49369194793369912828583913801100080847890406569930775668707693819391228080991678570801850427463581335671661093899127378887242706854005005734747472878974530594860424446932722723725055644273960113738339292281631738290701180621064102971853
1	33087864595556430938306240100737288227841442701123817735410475644911142224494422871920389116278783235609730307613244945424428622678748035758394582886972291781661773831454909910581686229672973267718248674614285101194831642331140668726373
1	27573220496297025781921866750614406856534535584269848112842063037425951853745352393266990930232319363008108589677704121187023852232290029798662152405810243151384811526212424925484738524727477723098540562178570917662359701942615479215567
1	42541540194286839777822308700947942007224712044302051374099182972028611431492829406754786006644149874355367538359886358402836800586961760260793035140392946576422280640442027027890739438150965629923462581646937987250497825854322228229967
1	6302450399153605893010712400140435852922179562118822425792471551411646137998937689889597926910244425830424820497760941985605451938809149668265634835613769863173671205991411411539368805651994908136809271355101924037110789015458060573639
1	38865110794780569673566059800866021093020107299732738292386907900371817850993449087652520549279840625954286393069525808911233620289323089620971414819618247489570972436947037037826107634853968600176990506689795198228849865595305749759903
