sieve choosen 571
number of total trys 7878
1.2693577050012694% Erfolgsquote 
1	30199241495944361570676330250672921795252110401819357456922259517180804411244909764054323399778254540437452264885104513681026123873460508827106166920649313927707174528708846346959475527082475601488877758576530052677822530699054835773923
1	45167561193934175566576772201006456945942286861851560718179379451783463988992386777542118476190085051784711213567286750896839072228132239289237049655232017352744643642938448449365476440505963508313799778044897122265960654610760055381663
1	18382146997531350521281244500409604571023023722846565408561375358283967902496901595511327286821546242005405726451802747458015901488193353199108101603873495434256541017474949950323159016484985148732360374785713945108239801295079539191623
1	19432555397390284836783029900433010546510053649866369146193453950185908925496724543826260274639920312977143196534762904455616810144661544810485707409809123744785486218473518518913053817426984300088495253344897599114424932797654680554719
1	24684597396684956414291956900550040423945203284965387834353846909695614040495839285400925213731790667835830546949563689443621353427002502867373736439487265297430212223466361361862527822136980056869169646140815869145350590310531116124111
1	37552100294956901779188828050836763623661319890957983620346809660494391572243670402258854314506873037239614555465825612664232484468737850106749407562198712101409790935698826327088739133676469660981821908490815630721118451217084791204491
1	19432555397390284836783029900433010546510053649866369146193453950185908925496724543826260274639920312977143196534762904455616810144661544810485707409809123744785486218473518518913053817426984300088495253344897599114424932797655202679759
1	51995215793017248617338377301158595786607981387480285012787890299146080638491235941589182897009516513101004769106527771381244978495175484763191487393813601371182787449429144145199792646628957992128676488679590873306164009377502882521843
1	26522812096438091466420081350591000881047505657250044375209984445524010830745529444952057942413945292036371119594743964189422943575821838187284546599874614840855866325213856356894843723785478571742405683619387263656174570440040848452179
1	53045624192876182932840162701182001762095011314500088750419968891048021661491058889904115884827890584072742239189487928378845887151643676374569093199749229681711732650427712713789687447570957143484811367238774527312349140880076960417581
1	23634188996826022098790171500526634448458173357945584096721768317793673017496016337085992225913416596864093076866603532446020444770534311255996130633551636986901267022467792793272633021194980905513034767581632215139165458807959335513793
1	25997607896508624308669188650579297893303990693740142506393945149573040319245617970794591448504758256550502384553263885690622489247587742381595743696906800685591393724714572072599896323314478996064338244339795436653082004688752987209033
1	39652917094674770410192398850883575574635379744997591095610966844298273618243316298888720290143621179183089495631745926659434301781674233329504619174069968722467681337695963464268528735560467963694091665609182938733488714222238062715271
1	4201633599435737262007141600093623901948119708079214950528314367607764091999291793259731951273496283886949880331840627990403634625872766445510423223742513242115780803994274274359579203767996605424539514236734616024740526010307066045851
1	13392707098201412522647763850298426187459631569502497654809002046749748043247742591015395594684269404889652743557742001719411585369969443045064474025679260959244051312731749249521158712010489179790719701629591588578860426657844825373687
1	24947199496649689993167403250555891917816960766720338768761866557671099296245795022479658460686384185578764914470303728693021580591119550770218137890971172375062448523716003504010001522372479844708203365780611782646896873186176192572483
1	7352858799012540208512497800163841828409209489138626163424550143313587160998760638204530914728618496802162290580721098983206360595277341279643240641549398173702616406989979980129263606593994059492944149914285578043295920518032606485423
1	21008167997178686310035708000468119509740598540396074752641571838038820459996458966298659756367481419434749401659203139952018173129363832227552116118712566210578904019971371371797896018839983027122697571183673080123702630051518797539953
1	35451283495239033148185257250789951672687260036918376145082652476690509526244024505628988338870124895296139615299905298669030667155801466883994195950327455480351900533701689189908949531792471358269552151372448322708748188211933488663013
1	16543932297778215469153120050368644113920721350561908867705237822455571112247211435960194558139391617804865153806622472712214311339374017879197291443486145890830886915727454955290843114836486633859124337307142550597415821165570235389499
1	45430163293898909145452218551012308439814044343606511652587399099758949244742342514620851723144678569527645581088026790146239299392249287192081451106715924430376879943188090591512950140741463296152833497684693035767506937486402914419707
1	23634188996826022098790171500526634448458173357945584096721768317793673017496016337085992225913416596864093076866603532446020444770534311255996130633551636986901267022467792793272633021194980905513034767581632215139165458807958122350327
1	18907351197460817679032137200421307558766538686356467277377414654234938413996813069668793780730733277491274461493282825956816355816427449004796904506841309589521013617974234234618106416955984724410427814065305772111332367046365708425339
1	50682205293193580722961145551129338317249193978705530340747792059268654359741457256195516662236548924386332931502827575134243842674590245248969480136394065983021605948180933434462424145451459052933507890480611305798432594999283150535639
1	26785414196402825045295527700596852374919263139004995309618004093499496086495485182030791189368538809779305487115484003438823170739938886090128948051358521918488102625463498499042317424020978359581439403259183177157720853315685307266197
1	42016335994357372620071416000936239019481197080792149505283143676077640919992917932597319512734962838869498803318406279904036346258727664455104232237425132421157808039942742743595792037679966054245395142367346160247405260103035351032761
1	12867502898271945364896871150286723199716116605992595785992962750798777531747831116857929100775082369403784008516261923220611131041735347239375671122711446803979578712232464965226211311539489604112652262349999761575767860906555147477027
1	40178121294604237567943291550895278562378894708507492964427006140249244129743227773046186784052808214668958230673226005158234756109908329135193422077037782877732153938195247748563476136031467539372159104888774765736581279973524272980057
1	53045624192876182932840162701182001762095011314500088750419968891048021661491058889904115884827890584072742239189487928378845887151643676374569093199749229681711732650427712713789687447570957143484811367238774527312349140880078614755551
1	14968319697989813995900441950333535150690176460032203261257119934602659577747477013487795076411830511347258948682182237215812948354671730462130882734582703425037469114229602102406000913423487906824922019468367069588138123911706755464611
1	23896791096790755677665617850532485942329930839700535031129787965769158273245972074164725472868010114607027444387343571695420671934651359158840532085035544064533503322717434935420106721430480693352068487221428128640711741683600420293771
1	16281330197813481890277673700362792620048963868806957933297218174480085856497255698881461311184798100061930786285882433462814084175256969976352889992002238813198650615477812813143369414600986846020090617667346637095869538289929979661001
1	11291890298483543891644193050251614236485571715462890179544844862945865997248096694385529619047521262946177803391821687724209768057033059822309262413808004338186160910734612112341369110126490877078449944511224280566490163652692773074277
1	14968319697989813995900441950333535150690176460032203261257119934602659577747477013487795076411830511347258948682182237215812948354671730462130882734582703425037469114229602102406000913423487906824922019468367069588138123911709561008553
1	48843990593440445670833021101088377860146891606420873799891654523440257569491767096644383933554394300185792358857647300388442252525770909929058669976006716439595951846433438439430108243802960538060271853002039911287608614869775569149411
1	31512251995768029465053562000702179264610897810594112128962357757058230689994688449447989634551222129152124102488804709928027259694045748341328174178068849315868356029957057057696844028259974540684046356775509620185553945077276094484091
1	16806534397742949048028566400374495607792478832316859802113257470431056367997167173038927805093985135547799521327362511961614538503491065782041692894970052968463123215977097097438316815071986421698158056946938464098962104041217847260901
1	30461843595909095149551776600678773289123867883574308391330279165156289666994865501133056646732848058180386632405844552930426351037577556729950568372133221005339410828958488489106949227317975389327911478216325966179368813574697303091883
1	25997607896508624308669188650579297893303990693740142506393945149573040319245617970794591448504758256550502384553263885690622489247587742381595743696906800685591393724714572072599896323314478996064338244339795436653082004688752991438811
1	30461843595909095149551776600678773289123867883574308391330279165156289666994865501133056646732848058180386632405844552930426351037577556729950568372133221005339410828958488489106949227317975389327911478216325966179368813574698769271027
1	9716277698695142418391514950216505273255026824933184573096726975092954462748362271913130137319960156488571598267381452227808405072330772405242853704904561872392743109236759259456526908713492150044247626672448799557212466398829256219369
1	16018728097848748311402227350356941126177206387052006998889198526504600600747299961802728064230204582318996418765142394213413857011139922073508488540518331735566414315228170670995895714365487058181056898027550723594323255414282455074141
1	45167561193934175566576772201006456945942286861851560718179379451783463988992386777542118476190085051784711213567286750896839072228132239289237049655232017352744643642938448449365476440505963508313799778044897122265960654610756906621241
1	42541540194286839777822308700947942007224712044302051374099182972028611431492829406754786006644149874355367538359886358402836800586961760260793035140392946576422280640442027027890739438150965629923462581646937987250497825854320726038821
1	49106592693405179249708467451094229354018649088175824734299674171415742825241722833723117180508987817928726726378387339637842479689887957831903071427490623517228188146683080581577581944038460325899305572641835824789154897745419562148263
1	42278938094322106198946862350942090513352954562547100439691163324053126175742873669676052759689556356612433170839146319153436573422844712357948633688909039498790044340192384885743265737915465842084428862007142073748951542978677259727141
1	6302450399153605893010712400140435852922179562118822425792471551411646137998937689889597926910244425830424820497760941985605451938809149668265634835613769863173671205991411411539368805651994908136809271355101924037110789015456839495009
1	39127712894745303252441506150871872586891864781487689226794927548347303106743404824731253796234434143697220760590265848160633847453440137523815816271102154567203208737196679179973581335089468388016024226329591111730396148470950195276817
1	50157001093264113565210252851117635329505679015195628471931752763317683848241545782038050168327361888900464196461347496635443388346356149443280677233426251827757133347681649150167476744980459477255440451201019478795340029247993543232993
1	25472403696579157150918295950567594905560475730230240637577905853622069807745706496637124954595571221064633649511783807191822034919353646575906940793938986530326921124215287788304948922843479420386270805060203609649989438937464056814141
1	54358634692699850827217394451211259231453798723274843422460067130925447940240837575297782119600858172787414076793188124625847022972228915888791100457168765069872914151675923424527055948748456082679979965437754094820080555258295157101449
1	12604900798307211786021424800280871705844359124237644851584943102823292275997875379779195853820488851660849640995521883971210903877618299336531269671227539726347342411982822823078737611303989816273618542710203848074221578030914172403067
1	31249649895803295886178115650696327770739140328839161194554338109082745434244732712369256387596628611409189734968064670678627032529928700438483772726584942238236119729707414915549370328024474752845012637135713706684007662201633141866453
1	49894398993299379986334806501111783835633921533440677537523733115342198592491590044959316921372768371157529828940607457386043161182239101540436275781942344750124897047432007008020003044744959689416406731561223565293793746372347692620293
1	42016335994357372620071416000936239019481197080792149505283143676077640919992917932597319512734962838869498803318406279904036346258727664455104232237425132421157808039942742743595792037679966054245395142367346160247405260103031643652681
1	39915519194639503989067845200889427068507137226752542030018986492273758873993272035967453537098214696926023863152485965908834528945791281232349020625553875800099917637945605606416002435795967751533125385248978852235034997097882911423207
1	18382146997531350521281244500409604571023023722846565408561375358283967902496901595511327286821546242005405726451802747458015901488193353199108101603873495434256541017474949950323159016484985148732360374785713945108239801295079023825453
1	45167561193934175566576772201006456945942286861851560718179379451783463988992386777542118476190085051784711213567286750896839072228132239289237049655232017352744643642938448449365476440505963508313799778044897122265960654610758940693253
1	44904959093969441987701325851000605452070529380096609783771359803807978733242431040463385229235491534041776846046546711647438845064015191386392648203748110275112407342688806307218002740270463720474766058405101208764414371735116708202419
1	25997607896508624308669188650579297893303990693740142506393945149573040319245617970794591448504758256550502384553263885690622489247587742381595743696906800685591393724714572072599896323314478996064338244339795436653082004688752984257819
1	45955367493828376303203111251024011427557559307116413521403438395709919756242253988778318217053865605013514316129506868645039753720483382997770254009683738585641352543687374875807897541212462871830900936964284862770599503237691924772991
1	33087864595556430938306240100737288227841442701123817735410475644911142224494422871920389116278783235609730307613244945424428622678748035758394582886972291781661773831454909910581686229672973267718248674614285101194831642331139681739297
1	40178121294604237567943291550895278562378894708507492964427006140249244129743227773046186784052808214668958230673226005158234756109908329135193422077037782877732153938195247748563476136031467539372159104888774765736581279973522191893703
1	35976487695168500305936149950801654660430775000428278013898691772641480037743935979786454832779311930782008350341385377167831121484035562689682998853295269635616373134200973474203896932263470933947619590652040149711840753963222883086187
1	1575612599788401473252678100035108963230544890529705606448117887852911534499734422472399481727561106457606205124440235496401362984702287417066408708903442465793417801497852852884842201412998727034202317838775481009277697253868782066281
1	34138272995415365253808025500760694203328472628143621473042554236813083247494245820235322104097157306581467777696205102422029531335216227369772188692907920092190719032453478479171581030614972419074383553173468755201016773833715361070269
1	43854550694110507672199540450977199476583499453076806046139281211906037710242608092148452241417117463070039375963586554649837936407546999775015042397812481964583462141690237738628107939328464569118631179845917554758229240232539162349157
1	51470011593087781459587484601146892798864466423970383143971851003195110126991324467431716403100329477615136034065047692882444524166941388957502684490845787215918314848929859860904845246157958416450609049399999046303071443626214956581197
1	2626020999647335788754463500058514938717574817549509344080196479754852557499557370787332469545935177429343675207400392494002271641170479028444014514839070776322363002496421421474737002354997878390337196397959135015462828756439866029101
1	12079696598377744628270532100269168718100844160727742982768903806872321764497963905621729359911301816174980905954041805472410449549384203530842466768259725571082869811483538538783790210832990240595551103430612021071129012279624646242697
1	34663477195344832411558918200772397191071987591653523341858593532764053758994157294392788598006344342067336512737685180920829985663450323175460991595875734247455191632952762763466528431085971994752450992453060582204109339585000545070139
1	32562660395626963780555347400725585240097927737613915866594436348960171712994511397762922622369596200123861572571764866925628168350513939952705779984004477626397301230955625626286738829201973692040181235334693274191739076579848768448573
1	16018728097848748311402227350356941126177206387052006998889198526504600600747299961802728064230204582318996418765142394213413857011139922073508488540518331735566414315228170670995895714365487058181056898027550723594323255414282453642847
1	18907351197460817679032137200421307558766538686356467277377414654234938413996813069668793780730733277491274461493282825956816355816427449004796904506841309589521013617974234234618106416955984724410427814065305772111332367046368552948469
1	16281330197813481890277673700362792620048963868806957933297218174480085856497255698881461311184798100061930786285882433462814084175256969976352889992002238813198650615477812813143369414600986846020090617667346637095869538289928013778117
1	37289498194992168200313381700830912129789562409203032685938790012518906316493714665180121067552279519496680187945085573414832257304620802203905006110714805023777554635449184184941265433440969873142788188851019717219572168341442602879363
1	29148833096085427255174544850649515819765080474799553719290180925278863388245086815739390411959880469465714794802144356683425215216992317215728561114713685617178229327710277778369580726140476450132742880017346398671637399196477641245079
1	13655309198166146101523210200304277681331389051257448589217021694725233298997698328094128841638862922632587111078482040968811812534086490947908875477163168036876287612981391391668632412245988967629753421269387502080406709533488245927791
1	33087864595556430938306240100737288227841442701123817735410475644911142224494422871920389116278783235609730307613244945424428622678748035758394582886972291781661773831454909910581686229672973267718248674614285101194831642331138090930703
1	24421995296720222835416510550544188930073445803210436899945827261720128784745883548322191966777197150092896179428823650194221126262885454964529334988003358219797975923216719219715054121901480269030135926501019955643804307434889397182461
1	35188681395274299569309810900784100178815502555163425210674632828715024270494068768550255091915531377553205247779165259419630439991684418981149794498843548402719664233452047047761475831556971570430518431732652409207201905336291144529843
1	16543932297778215469153120050368644113920721350561908867705237822455571112247211435960194558139391617804865153806622472712214311339374017879197291443486145890830886915727454955290843114836486633859124337307142550597415821165573918816687
1	36501691895097967463687042650813357648174289963938179882714731068592450549243847453943921326688498966267877085382865455666631575812269658495371801756263083790880845734700257758498844332734470509625687029931631976714933319714509214234239
1	525204199929467157750892700011702987743514963509901868816039295950970511499911474157466493909187035485868735041480078498800454328234095805688802902967814155264472600499284284294947400470999575678067439279591827003092565751291549599777
1	8403267198871474524014283200187247803896239416158429901056628735215528183998583586519463902546992567773899760663681255980807269251745532891020846447485026484231561607988548548719158407535993210849079028473469232049481052020606984878359
1	2888623099612069367629909850064366432589332299304460278488216127730337813249513107866065716500528695172278042728140431743402498805287526931288415966322977853954599302746063563622210702590497666229370916037755048517009111632085833516989
1	35451283495239033148185257250789951672687260036918376145082652476690509526244024505628988338870124895296139615299905298669030667155801466883994195950327455480351900533701689189908949531792471358269552151372448322708748188211934555431411
1	38602508694815836094690613450860169599148349817977787357978888252396332595243493350573787302325247108211352025548785769661833393125206041718127013368134340411938736136697394895678633934618468812337956787049999284727303582719663481205719
1	29936639395979627991800883900667070301380352920064406522514239869205319155494954026975590152823661022694517897364364474431625896709343460924261765469165406850074938228459204204812001826846975813649844038936734139176276247823412436278417
1	32300058295662230201679901050719733746226170255858964932186416700984686457244555660684189375415002682380927205051024827676227941186396892049861378532520570548765064930705983484139265128966473904201147515694897360690192793704207884820031
1	44904959093969441987701325851000605452070529380096609783771359803807978733242431040463385229235491534041776846046546711647438845064015191386392648203748110275112407342688806307218002740270463720474766058405101208764414371735114897947523
1	6565052499118339471886158750146287346793937043873773360200491199387131393748893426968331173864837943573359188018500981235005679102926197571110036287097676940805907506241053553686842505887494695975842990994897837538657071891102063662649
1	52783022092911449353964716351176150268223253832745137816011949243072536405741103152825382637873297066329807871668747889129445659987526628471724691748265322604079496350178070571642213747335457355645777647598978613810802858004434609382509
1	37289498194992168200313381700830912129789562409203032685938790012518906316493714665180121067552279519496680187945085573414832257304620802203905006110714805023777554635449184184941265433440969873142788188851019717219572168341442607085431
1	36501691895097967463687042650813357648174289963938179882714731068592450549243847453943921326688498966267877085382865455666631575812269658495371801756263083790880845734700257758498844332734470509625687029931631976714933319714508066309393
1	8928471398800941681765175900198950791639754379668331769872668031166498695498495060676930396456179603259768495705161334479607723579979628696709649350452840639496034208487832833014105808006992786527146467753061059052573617771896158913269
1	37289498194992168200313381700830912129789562409203032685938790012518906316493714665180121067552279519496680187945085573414832257304620802203905006110714805023777554635449184184941265433440969873142788188851019717219572168341442605479639
1	28623628896155960097423652150637812832021565511289651850474141629327892876745175341581923918050693433979846059760664278184624760888758221410039758211745871461913756727210993494074633325669476874454675440737754571668544833445192778116893
1	9191073498765675260640622250204802285511511861423282704280687679141983951248450797755663643410773121002702863225901373729007950744096676599554050801936747717128270508737474975161579508242492574366180187392856972554119900647540093463697
1	48581388493475712091957574751082526366275134124665922865483634875464772313741811359565650686599800782442857991336907261139042025361653862026214268524522809361963715546183796297282634543567460750221238133362243997786062331994131173521897
