sieve choosen 571
number of total trys 8384
1.1927480916030533% Erfolgsquote 
1	37814702394921635358064274400842615117533077372712934554754829308469876827993626139337587561461466554982548922986565651913632711632854898009593809013682619179042027235948468469236212833911969448820855628130611544222664734092727734490829
1	36764293995062701042562489000819209142046047445693130817122750716567935804993803191022654573643092484010811452903605494916031802976386706398216203207746990868513082034949899900646318032969970297464720749571427890216479602590154297071309
1	15493523897919281153651334650345238138433691423542105130073159230553630089247388487645261570321017546833127683723662315714613402682905826267819685637550517580301941714728886386700948313894487482502989458747958896591230689662996159169927
1	35451283495239033148185257250789951672687260036918376145082652476690509526244024505628988338870124895296139615299905298669030667155801466883994195950327455480351900533701689189908949531792471358269552151372448322708748188211936285050027
1	32825262495591697359430793750731436733969685219368866801002455996935656968744467134841655869324189717866795940092504906175028395514630987855550181435488384704029537531205267768434212529437473479879214954974489187693285359455494045687737
1	29674037296014894412925437550661218807508595438309455588106220221229833899744998289896856905869067504951583529843624435182225669545226413021417364017681499772442701928209562062664528126611476025810810319296938225674729964947769179914231
1	40965927594498438304569630600912833043994167153772345767651065084175699896993094984282386524916588767897761333235446122906435437602259472843726626431489504110628862838944174175005897236737966902889260263808162506241220128600454919494623
1	25209801596614423572042849600561743411688718248475289703169886205646584551995750759558391707640977703321699281991043767942421807755236598673062539342455079452694684823965645646157475222607979632547237085420407696148443156061821780245357
1	3676429399506270104256248900081920914204604744569313081712275071656793580499380319102265457364309248401081145290360549491603180297638670639821620320774699086851308203494989990064631803296997029746472074957142789021647960259018815599091
1	28886230996120693676299098500643664325893322993044602784882161277303378132495131078660657165005286951722780427281404317434024988052875269312884159663229778539545993027460635636222107025904976662293709160377550485170091116320835060740361
1	30461843595909095149551776600678773289123867883574308391330279165156289666994865501133056646732848058180386632405844552930426351037577556729950568372133221005339410828958488489106949227317975389327911478216325966179368813574700426049433
1	8665869298836208102889729550193099297767996897913380835464648383191013439748539323598197149501586085516834128184421295230207496415862580793865247898968933561863797908238190690866632107771492998688112748113265145551027334896253918158389
1	10241481898624609576142407650228208260998541788443086441912766271043924974248273746070596631229147191974440333308861530726608859400564868210931656607872376027657215709736043543751474309184491725722315065952040626560305032150115856970913
1	29148833096085427255174544850649515819765080474799553719290180925278863388245086815739390411959880469465714794802144356683425215216992317215728561114713685617178229327710277778369580726140476450132742880017346398671637399196481679827967
1	24684597396684956414291956900550040423945203284965387834353846909695614040495839285400925213731790667835830546949563689443621353427002502867373736439487265297430212223466361361862527822136980056869169646140815869145350590310533325786031
1	10766686098554076733893300350239911248742056751952988310728805566994895485748185220228063125138334227460309068350341609225409313728798964016620459510840190182921688310235327828046421709655491301400382505231632453563397597901403838370217
1	34400875095380098832683471850766545697200230109898572407450573884788568503244201557314055351051750824324402145216945141671429758499333275272616590144391827169822955332703120621319054730850472206913417272813264668702563056709361317249659
1	36764293995062701042562489000819209142046047445693130817122750716567935804993803191022654573643092484010811452903605494916031802976386706398216203207746990868513082034949899900646318032969970297464720749571427890216479602590155950023137
1	15230921797954547574775888300339386644561933941787154195665139582578144833497432750566528323366424029090193316202922276465213175518788778364975284186066610502669705414479244244553474613658987694663955739108162983089684406787349549695753
1	22846382696931821362163832450509079966842900912680731293497709373867217250246149125849792485049636043635289974304383414697819763278183167547462926279099915754004558121718866366830211920488481541995933608662244474634526610181024611987129
1	45692765393863642724327664901018159933685801825361462586995418747734434500492298251699584970099272087270579948608766829395639526556366335094925852558199831508009116243437732733660423840976963083991867217324488949269053220362044771225379
1	39915519194639503989067845200889427068507137226752542030018986492273758873993272035967453537098214696926023863152485965908834528945791281232349020625553875800099917637945605606416002435795967751533125385248978852235034997097881932092377
1	31774854095732763043929008350708030758482655292349063063370377405033715945744644186526722881505815646895058470009544749177427486858162796244172575629552756393500592330206699199844317728495474328523080076415305533687100227952920087436991
1	13392707098201412522647763850298426187459631569502497654809002046749748043247742591015395594684269404889652743557742001719411585369969443045064474025679260959244051312731749249521158712010489179790719701629591588578860426657843046029449
1	787806299894200736626339050017554481615272445264852803224058943926455767249867211236199740863780553228803102562220117748200681492351143708533204354451721232896708900748926426442421100706499363517101158919387740504638848626936614837493
1	41753733894392639041195969650930387525609439599037198570875124028102155664242962195518586265780369321126564435797666240654636119094610616552259830785941225343525571739693100601448318337444466266406361422727550246745858977227386715945617
1	38602508694815836094690613450860169599148349817977787357978888252396332595243493350573787302325247108211352025548785769661833393125206041718127013368134340411938736136697394895678633934618468812337956787049999284727303582719662332332069
1	9716277698695142418391514950216505273255026824933184573096726975092954462748362271913130137319960156488571598267381452227808405072330772405242853704904561872392743109236759259456526908713492150044247626672448799557212466398829183698973
1	1050408399858934315501785400023405975487029927019803737632078591901941022999822948314932987818374070971737470082960156997600908656468191611377605805935628310528945200998568568589894800941999151356134878559183654006185131502579930044663
1	51732613693052515038462930951152744292736223905725334078379870651170595382741280204510449650054922995358070401585787732131844751331058436860347085942329694293550551149179502003052318946393458204289642769039794959804617726501858443180063
1	18119544897566616942405798150403753077151266241091614474153355710308482646746945858432594039866952724262471358931062708208615674324076305296263700152389588356624304717225307808175685316249485360893326655145918031606693518419435603570233
1	7090256699047806629637051450157990334537452007383675229016530495338101905248804901125797667774024979059227923059981059733806133431160293376798839190065491096070380106740337837981789906358494271653910430274489664541749637642389851539587
1	20220361697284485573409368950450565028125326095131221949417512894112364692746591755062460015503700866205946299096983022203817491637012688519018911764260844977682195119222444945355474918133483663605596412264285339619063781424587981772643
1	44117152794075241251074986800983050970455256934831756980547300859881522965992563829227185488371710980812973743484326593899238163571664047677859443849296389042215698441939879880775581639563964356957664899485713468259775523108183102328537
1	24684597396684956414291956900550040423945203284965387834353846909695614040495839285400925213731790667835830546949563689443621353427002502867373736439487265297430212223466361361862527822136980056869169646140815869145350590310530794948627
1	8140665098906740945138836850181396310024481934403478966648609087240042928248627849440730655592399050030965393142941216731407042087628484988176444996001119406599325307738906406571684707300493423010045308833673318547934769144962446905489
1	8403267198871474524014283200187247803896239416158429901056628735215528183998583586519463902546992567773899760663681255980807269251745532891020846447485026484231561607988548548719158407535993210849079028473469232049481052020608338155597
1	45430163293898909145452218551012308439814044343606511652587399099758949244742342514620851723144678569527645581088026790146239299392249287192081451106715924430376879943188090591512950140741463296152833497684693035767506937486406478381567
1	37289498194992168200313381700830912129789562409203032685938790012518906316493714665180121067552279519496680187945085573414832257304620802203905006110714805023777554635449184184941265433440969873142788188851019717219572168341442607547717
1	20482963797249219152284815300456416521997083576886172883825532542087849948496547492141193262458294383948880666617723061453217718801129736421863313215744752055314431419472087087502948618368983451444630131904081253120610064300229224077607
1	38865110794780569673566059800866021093020107299732738292386907900371817850993449087652520549279840625954286393069525808911233620289323089620971414819618247489570972436947037037826107634853968600176990506689795198228849865595307181786377
1	4989439899329937998633480650111178383563392153344067753752373311534219859249159004495931692137276837115752982894060745738604316118223910154043627578194234475012489704743200700802000304474495968941640673156122356529379374637238858514973
1	6565052499118339471886158750146287346793937043873773360200491199387131393748893426968331173864837943573359188018500981235005679102926197571110036287097676940805907506241053553686842505887494695975842990994897837538657071891102069393983
1	4464235699400470840882587950099475395819877189834165884936334015583249347749247530338465198228089801629884247852580667239803861789989814348354824675226420319748017104243916416507052904003496393263573233876530529526286808885948320754361
1	54096032592735117248341948101205407737582041241519892488052047482949962684490881838219048872646264655044479709272448085376446795808111867985946699005684857992240677851426281282379582248512956294840946245797958181318534272382652570012457
1	43591948594145774093324094100971347982711741971321855111731261563930552454492652355069718994462523945327105008442846515400437709243429951872170640946328574886951225841440595596480634239092964781279597460206121641256682957356896982191561
1	14968319697989813995900441950333535150690176460032203261257119934602659577747477013487795076411830511347258948682182237215812948354671730462130882734582703425037469114229602102406000913423487906824922019468367069588138123911706601489531
1	23896791096790755677665617850532485942329930839700535031129787965769158273245972074164725472868010114607027444387343571695420671934651359158840532085035544064533503322717434935420106721430480693352068487221428128640711741683602659697601
1	52783022092911449353964716351176150268223253832745137816011949243072536405741103152825382637873297066329807871668747889129445659987526628471724691748265322604079496350178070571642213747335457355645777647598978613810802858004434091232013
1	28098424696226492939672759450626109844278050547779749981658102333376922365245263867424457424141506398493977324719184199685824306560524125604350955308778057306649284126711709209779685925198477298776608001458162744665452267693906935126227
1	6039848299188872314135266050134584359050422080363871491384451903436160882248981952810864679955650908087490452977020902736205224774692101765421233384129862785541434905741769269391895105416495120297775551715306010535564506139814720004401
1	9716277698695142418391514950216505273255026824933184573096726975092954462748362271913130137319960156488571598267381452227808405072330772405242853704904561872392743109236759259456526908713492150044247626672448799557212466398828116056471
1	44117152794075241251074986800983050970455256934831756980547300859881522965992563829227185488371710980812973743484326593899238163571664047677859443849296389042215698441939879880775581639563964356957664899485713468259775523108184849771561
1	38602508694815836094690613450860169599148349817977787357978888252396332595243493350573787302325247108211352025548785769661833393125206041718127013368134340411938736136697394895678633934618468812337956787049999284727303582719662203308223
1	6827654599083073050761605100152138840665694525628724294608510847362616649498849164047064420819431461316293555539241020484405906267043245473954437738581584018438143806490695695834316206122994483814876710634693751040203354766745920810311
1	48318786393510978513082128401076674872403376642910971931075615227489287057991855622486917439645207264699923623816167221889641798197536814123369867073038902284331479245934154155135160843331960962382204413722448084284516049118486133391141
1	4726837799365204419758034300105326889691634671589116819344353663558734603499203267417198445182683319372818615373320706489204088954106862251199226126710327397380253404493558558654526604238996181102606953516326443027833091761594932968847
1	30461843595909095149551776600678773289123867883574308391330279165156289666994865501133056646732848058180386632405844552930426351037577556729950568372133221005339410828958488489106949227317975389327911478216325966179368813574697309111483
1	9191073498765675260640622250204802285511511861423282704280687679141983951248450797755663643410773121002702863225901373729007950744096676599554050801936747717128270508737474975161579508242492574366180187392856972554119900647540096784183
1	4989439899329937998633480650111178383563392153344067753752373311534219859249159004495931692137276837115752982894060745738604316118223910154043627578194234475012489704743200700802000304474495968941640673156122356529379374637238392044157
1	6302450399153605893010712400140435852922179562118822425792471551411646137998937689889597926910244425830424820497760941985605451938809149668265634835613769863173671205991411411539368805651994908136809271355101924037110789015456870204899
1	39652917094674770410192398850883575574635379744997591095610966844298273618243316298888720290143621179183089495631745926659434301781674233329504619174069968722467681337695963464268528735560467963694091665609182938733488714222238063743999
1	32300058295662230201679901050719733746226170255858964932186416700984686457244555660684189375415002682380927205051024827676227941186396892049861378532520570548765064930705983484139265128966473904201147515694897360690192793704207363303463
1	41753733894392639041195969650930387525609439599037198570875124028102155664242962195518586265780369321126564435797666240654636119094610616552259830785941225343525571739693100601448318337444466266406361422727550246745858977227390667414831
1	25997607896508624308669188650579297893303990693740142506393945149573040319245617970794591448504758256550502384553263885690622489247587742381595743696906800685591393724714572072599896323314478996064338244339795436653082004688753507301069
1	2626020999647335788754463500058514938717574817549509344080196479754852557499557370787332469545935177429343675207400392494002271641170479028444014514839070776322363002496421421474737002354997878390337196397959135015462828756441817915807
1	262602099964733578875446350005851493871757481754950934408019647975485255749955737078733246954593517742934367520740039249400227164117047902844401451483907077632236300249642142147473700235499787839033719639795913501546282875646548306579
1	33613068795485898096057132800748991215584957664633719604226514940862112735994334346077855610187970271095599042654725023923229077006982131564083385789940105936926246431954194194876633630143972843396316113893876928197924208082429523536719
1	34138272995415365253808025500760694203328472628143621473042554236813083247494245820235322104097157306581467777696205102422029531335216227369772188692907920092190719032453478479171581030614972419074383553173468755201016773833712359227357
1	21270770097143419888911154350473971003612356022151025687049591486014305715746414703377393003322074937177683769179943179201418400293480880130396517570196473288211140320221013513945369719075482814961731290823468993625248912927161020061773
1	18907351197460817679032137200421307558766538686356467277377414654234938413996813069668793780730733277491274461493282825956816355816427449004796904506841309589521013617974234234618106416955984724410427814065305772111332367046366887030703
1	39652917094674770410192398850883575574635379744997591095610966844298273618243316298888720290143621179183089495631745926659434301781674233329504619174069968722467681337695963464268528735560467963694091665609182938733488714222237553557291
1	29148833096085427255174544850649515819765080474799553719290180925278863388245086815739390411959880469465714794802144356683425215216992317215728561114713685617178229327710277778369580726140476450132742880017346398671637399196480254973521
1	54358634692699850827217394451211259231453798723274843422460067130925447940240837575297782119600858172787414076793188124625847022972228915888791100457168765069872914151675923424527055948748456082679979965437754094820080555258298277597233
1	2100816799717868631003570800046811950974059854039607475264157183803882045999645896629865975636748141943474940165920313995201817312936383222755211611871256621057890401997137137179789601883998302712269757118367308012370263005153953415201
1	4726837799365204419758034300105326889691634671589116819344353663558734603499203267417198445182683319372818615373320706489204088954106862251199226126710327397380253404493558558654526604238996181102606953516326443027833091761593237196471
1	9716277698695142418391514950216505273255026824933184573096726975092954462748362271913130137319960156488571598267381452227808405072330772405242853704904561872392743109236759259456526908713492150044247626672448799557212466398828069548383
1	6039848299188872314135266050134584359050422080363871491384451903436160882248981952810864679955650908087490452977020902736205224774692101765421233384129862785541434905741769269391895105416495120297775551715306010535564506139813018788461
1	25209801596614423572042849600561743411688718248475289703169886205646584551995750759558391707640977703321699281991043767942421807755236598673062539342455079452694684823965645646157475222607979632547237085420407696148443156061821710908067
1	42804142294251573356697755050953793501096469526057002308507202620004096687242785143833519253598743392098301905880626397652237027751078808163637436591876853654054516940691669170038213138386465417762496301286733900752044108729965248584539
1	48318786393510978513082128401076674872403376642910971931075615227489287057991855622486917439645207264699923623816167221889641798197536814123369867073038902284331479245934154155135160843331960962382204413722448084284516049118484102005911
1	39915519194639503989067845200889427068507137226752542030018986492273758873993272035967453537098214696926023863152485965908834528945791281232349020625553875800099917637945605606416002435795967751533125385248978852235034997097881405267743
1	33613068795485898096057132800748991215584957664633719604226514940862112735994334346077855610187970271095599042654725023923229077006982131564083385789940105936926246431954194194876633630143972843396316113893876928197924208082427550982401
1	27310618396332292203046420400608555362662778102514897178434043389450466597995396656188257683277725845265174222156964081937623625068172981895817750954326336073752575225962782783337264824491977935259506842538775004160813419066973113784233
1	26522812096438091466420081350591000881047505657250044375209984445524010830745529444952057942413945292036371119594743964189422943575821838187284546599874614840855866325213856356894843723785478571742405683619387263656174570440040853450259
1	22321178497002354204412939750497376979099385949170829424681670077916246738746237651692325991140449008149421239262903336199019308949949071741774123376132101598740085521219582082535264520017481966317866169382652647631434044429736747919757
1	17594340697637149784654905450392050089407751277581712605337316414357512135247034384275127545957765688776602623889582629709815219995842209490574897249421774201359832116726023523880737915778485785215259215866326204603600952668147226225343
1	41753733894392639041195969650930387525609439599037198570875124028102155664242962195518586265780369321126564435797666240654636119094610616552259830785941225343525571739693100601448318337444466266406361422727550246745858977227387748549499
1	35976487695168500305936149950801654660430775000428278013898691772641480037743935979786454832779311930782008350341385377167831121484035562689682998853295269635616373134200973474203896932263470933947619590652040149711840753963223556831021
1	33875670895450631674932579150754842709456715146388670538634534588837597991744290083156588857142563788838533410175465063172629304171099179466927787241424013014558482732203836337024107330379472631235349833533672841699470490958072463199523
1	50419603193228847144085699201123486823377436496950579406339772411293169103991501519116783415281955406643398563982087535884843615510473197346125078684910158905389369647931291292314950445215959265094474170840815392296886312123640199855173
1	8928471398800941681765175900198950791639754379668331769872668031166498695498495060676930396456179603259768495705161334479607723579979628696709649350452840639496034208487832833014105808006992786527146467753061059052573617771894852949953
1	51207409493123047880712038251141041304992708942215432209563831355219624871241368730352983156145735959872201666544307653633044297002824341054658283039361880138286078548680217718757371545922458628611575329760203132801525160750568286980103
1	17331738597672416205779459100386198595535993795826761670929296766382026879497078647196394299003172171033668256368842590460414992831725161587730495797937867123727595816476381381733264215542985997376225496226530291102054669792502116614129
1	6302450399153605893010712400140435852922179562118822425792471551411646137998937689889597926910244425830424820497760941985605451938809149668265634835613769863173671205991411411539368805651994908136809271355101924037110789015459065829641
1	26785414196402825045295527700596852374919263139004995309618004093499496086495485182030791189368538809779305487115484003438823170739938886090128948051358521918488102625463498499042317424020978359581439403259183177157720853315683557948019
1	8928471398800941681765175900198950791639754379668331769872668031166498695498495060676930396456179603259768495705161334479607723579979628696709649350452840639496034208487832833014105808006992786527146467753061059052573617771896313115539
1	33087864595556430938306240100737288227841442701123817735410475644911142224494422871920389116278783235609730307613244945424428622678748035758394582886972291781661773831454909910581686229672973267718248674614285101194831642331140291613373
1	17331738597672416205779459100386198595535993795826761670929296766382026879497078647196394299003172171033668256368842590460414992831725161587730495797937867123727595816476381381733264215542985997376225496226530291102054669792504721975363
1	49631796893334646407459360151105932341762164051685726603115713467366713336741634307880583674418174853414595461419867418136642934018122053637591874330458437672492660747182364865872529344509459901577373011921427651792247463496705795072627
