sieve choosen 571
number of total trys 9761
1.024485196188915% Erfolgsquote 
1	21533372197108153467786600700479822497484113503905976621457611133989790971496370440456126250276668454920618136700683218450818627457597928033240919021680380365843376620470655656092843419310982602800765010463264907126795195802803927694963
1	33875670895450631674932579150754842709456715146388670538634534588837597991744290083156588857142563788838533410175465063172629304171099179466927787241424013014558482732203836337024107330379472631235349833533672841699470490958067820158149
1	8665869298836208102889729550193099297767996897913380835464648383191013439748539323598197149501586085516834128184421295230207496415862580793865247898968933561863797908238190690866632107771492998688112748113265145551027334896251240557121
1	14180513398095613259274102900315980669074904014767350458033060990676203810497609802251595335548049958118455846119962119467612266862320586753597678380130982192140760213480675675963579812716988543307820860548979329083499275284776494852953
1	28361026796191226518548205800631961338149808029534700916066121981352407620995219604503190671096099916236911692239924238935224533724641173507195356760261964384281520426961351351927159625433977086615641721097958658166998550569550115251993
1	38077304494886368936939720750848466611404834854467885489162848956445362083743581876416320808416060072725483290507305691163032938796971945912438210465166526256674263536198110611383686534147469236659889347770407457724211016968376367923227
1	10504083998589343155017854000234059754870299270198037376320785919019410229998229483149329878183740709717374700829601569976009086564681916113776058059356283105289452009985685685898948009419991513561348785591836540061851315025761983102233
1	53308226292840916511715609051187853255966768796255039684827988539023506917241014626982849131782484101815676606710227967628246114315760724277413494651233136759343968950677354855937161147806456931323845086878570440813895423755722477757437
1	53045624192876182932840162701182001762095011314500088750419968891048021661491058889904115884827890584072742239189487928378845887151643676374569093199749229681711732650427712713789687447570957143484811367238774527312349140880076918722773
1	54096032592735117248341948101205407737582041241519892488052047482949962684490881838219048872646264655044479709272448085376446795808111867985946699005684857992240677851426281282379582248512956294840946245797958181318534272382655490667677
1	51995215793017248617338377301158595786607981387480285012787890299146080638491235941589182897009516513101004769106527771381244978495175484763191487393813601371182787449429144145199792646628957992128676488679590873306164009377502289491717
1	45692765393863642724327664901018159933685801825361462586995418747734434500492298251699584970099272087270579948608766829395639526556366335094925852558199831508009116243437732733660423840976963083991867217324488949269053220362050406478443
1	54621236792664584406092840801217110725325556205029794356868086778900933195990793312376515366555451690530348444313928163875247250136345963791635501908652672147505150451925565566674529648983955870519013685077550008321626838133942752624391
1	44379754894039974829950433150988902464327014416586707914955320507857008221742519566305918735326304498555908111005066633148638390735781095580703845300780296119847934742189522022923055339799464144796698619125509381761321805983828848947249
1	5514644099259405156384373350122881371306907116853969622568412607485190370749070478653398186046463872601621717935540824237404770446458005959732430481162048630276962305242484985096947704945495544619708112435714183532471940388528751227549
1	4201633599435737262007141600093623901948119708079214950528314367607764091999291793259731951273496283886949880331840627990403634625872766445510423223742513242115780803994274274359579203767996605424539514236734616024740526010308100875961
1	27048016296367558624170974050602703868791020620759946244026023741474981342245440919109524436323132327522239854636224042688223397904055933992973349502842428996120338925713140641189791124256478147420473122898979090659267136191330218536353
1	23371586896861288519914725150520782954586415876190633162313748669818187761746060600007258978958823079121158709345863493196620217606417263353151729182067729909269030722218150651125159320959481117674001047941836301637619175932315396849807
1	23634188996826022098790171500526634448458173357945584096721768317793673017496016337085992225913416596864093076866603532446020444770534311255996130633551636986901267022467792793272633021194980905513034767581632215139165458807956532179203
1	29936639395979627991800883900667070301380352920064406522514239869205319155494954026975590152823661022694517897364364474431625896709343460924261765469165406850074938228459204204812001826846975813649844038936734139176276247823412986061593
1	19695157497355018415658476250438862040381811131621320080601473598161394181246680280904993521594513830720077564055502943705017037308778592713330108861293030822417722518723160661060527517662484087927528972984693512615971215673297502233707
1	48318786393510978513082128401076674872403376642910971931075615227489287057991855622486917439645207264699923623816167221889641798197536814123369867073038902284331479245934154155135160843331960962382204413722448084284516049118487768273857
1	40178121294604237567943291550895278562378894708507492964427006140249244129743227773046186784052808214668958230673226005158234756109908329135193422077037782877732153938195247748563476136031467539372159104888774765736581279973526474213881
1	39390314994710036831316952500877724080763622263242640161202947196322788362493360561809987043189027661440155128111005887410034074617557185426660217722586061644835445037446321322121055035324968175855057945969387025231942431346594549825043
1	23108984796896554941039278800514931460714658394435682227905729021842702505996104862928525732004229561378224341825123453947219990442300215450307327730583822831636794421968508508977685620723981329834967328302040388136072893056668511401173
1	787806299894200736626339050017554481615272445264852803224058943926455767249867211236199740863780553228803102562220117748200681492351143708533204354451721232896708900748926426442421100706499363517101158919387740504638848626936065386399
1	4201633599435737262007141600093623901948119708079214950528314367607764091999291793259731951273496283886949880331840627990403634625872766445510423223742513242115780803994274274359579203767996605424539514236734616024740526010305496754931
1	37026896095027434621437935350825060635917804927448081751530770364543421060743758928101387820597686001753745820424345534165432030140503754301060604659230897946145318335199542042793791733205470085303754469211223803718025885465798734464943
1	12867502898271945364896871150286723199716116605992595785992962750798777531747831116857929100775082369403784008516261923220611131041735347239375671122711446803979578712232464965226211311539489604112652262349999761575767860906558107101211
1	13130104998236678943772317500292574693587874087747546720400982398774262787497786853936662347729675887146718376037001962470011358205852395142220072574195353881611815012482107107373685011774989391951685981989795675077314143782199197949777
1	25209801596614423572042849600561743411688718248475289703169886205646584551995750759558391707640977703321699281991043767942421807755236598673062539342455079452694684823965645646157475222607979632547237085420407696148443156061823500053827
1	50682205293193580722961145551129338317249193978705530340747792059268654359741457256195516662236548924386332931502827575134243842674590245248969480136394065983021605948180933434462424145451459052933507890480611305798432594999284365766267
1	54883838892629317984968287151222962219197313686784745291276106426876418451740749049455248613510045208273282811834668203124647477300463011694479903360136579225137386752175207708822003349219455658358047404717345921823173121009584330299101
1	27048016296367558624170974050602703868791020620759946244026023741474981342245440919109524436323132327522239854636224042688223397904055933992973349502842428996120338925713140641189791124256478147420473122898979090659267136191329180786841
1	5252041999294671577508927000117029877435149635099018688160392959509705114999114741574664939091870354858687350414800784988004543282340958056888029029678141552644726004992842842949474004709995756780674392795918270030925657512881223985113
1	32037456195697496622804454700713882252354412774104013997778397053009201201494599923605456128460409164637992837530284788426827714022279844147016977081036663471132828630456341341991791428730974116362113796055101447188646510828563959874339
1	28361026796191226518548205800631961338149808029534700916066121981352407620995219604503190671096099916236911692239924238935224533724641173507195356760261964384281520426961351351927159625433977086615641721097958658166998550569545851807381
1	18644749097496084100156690850415456064894781204601516342969395006259453158246857332590060533776139759748340093972542786707416128652310401101952503055357402511888777317724592092470632716720484936571394094425509858609786084170723405337173
1	52783022092911449353964716351176150268223253832745137816011949243072536405741103152825382637873297066329807871668747889129445659987526628471724691748265322604079496350178070571642213747335457355645777647598978613810802858004432909292079
1	37814702394921635358064274400842615117533077372712934554754829308469876827993626139337587561461466554982548922986565651913632711632854898009593809013682619179042027235948468469236212833911969448820855628130611544222664734092732436728273
1	13917911298130879680398656550310129175203146533012399523625041342700718554747654065172862088593456440375521478599222080218212039698203538850753276928647075114508523913231033533816106112481488755468787140909183415581952992409128952947299
1	3676429399506270104256248900081920914204604744569313081712275071656793580499380319102265457364309248401081145290360549491603180297638670639821620320774699086851308203494989990064631803296997029746472074957142789021647960259016203503903
1	11554492398448277470519639400257465730357329197217841113952864510921351252998052431464262866002114780689112170912561726973609995221150107725153663865291911415818397210984254254488842810361990664917483664151020194068036446528337168167983
1	35976487695168500305936149950801654660430775000428278013898691772641480037743935979786454832779311930782008350341385377167831121484035562689682998853295269635616373134200973474203896932263470933947619590652040149711840753963222415761451
1	3676429399506270104256248900081920914204604744569313081712275071656793580499380319102265457364309248401081145290360549491603180297638670639821620320774699086851308203494989990064631803296997029746472074957142789021647960259020241400889
1	11554492398448277470519639400257465730357329197217841113952864510921351252998052431464262866002114780689112170912561726973609995221150107725153663865291911415818397210984254254488842810361990664917483664151020194068036446528335596013969
1	16543932297778215469153120050368644113920721350561908867705237822455571112247211435960194558139391617804865153806622472712214311339374017879197291443486145890830886915727454955290843114836486633859124337307142550597415821165572428699563
1	47005775893687310618704896651047417403044589234136217259035516987611860779242076937093251204872239675985251786212467025642640662376951574609147859815619366896170297744685943444397792342154462023187035815523468516776784634740268041008899
1	45692765393863642724327664901018159933685801825361462586995418747734434500492298251699584970099272087270579948608766829395639526556366335094925852558199831508009116243437732733660423840976963083991867217324488949269053220362045700876917
1	34400875095380098832683471850766545697200230109898572407450573884788568503244201557314055351051750824324402145216945141671429758499333275272616590144391827169822955332703120621319054730850472206913417272813264668702563056709359292144779
1	13392707098201412522647763850298426187459631569502497654809002046749748043247742591015395594684269404889652743557742001719411585369969443045064474025679260959244051312731749249521158712010489179790719701629591588578860426657843011058669
1	50944807393158314301836591901135189811120951460460481275155811707244139615491412993274249909191142442129267299023567614383644069838707293151813881587877973060653842248430575576609897845686958840772541610120407219299978877874925499448833
1	3939031499471003683131695250087772408076362226324264016120294719632278836249336056180998704318902766144015512811100588741003407461755718542666021772258606164483544503744632132212105503532496817585505794596938702523194243134662670331543
1	40703325494533704725694184250906981550122409672017394833243045436200214641243139247203653277961995250154826965714706083657035210438142424940882224980005597032996626538694532032858423536502467115050226544168366592739673845724815507358483
1	30461843595909095149551776600678773289123867883574308391330279165156289666994865501133056646732848058180386632405844552930426351037577556729950568372133221005339410828958488489106949227317975389327911478216325966179368813574700430724873
1	25472403696579157150918295950567594905560475730230240637577905853622069807745706496637124954595571221064633649511783807191822034919353646575906940793938986530326921124215287788304948922843479420386270805060203609649989438937462586873957
1	48056184293546244934206682051070823378531619161156020996667595579513801802241899885408184192690613746956989256295427182640241571033419766220525465621554995206699242945684512012987687143096461174543170694082652170782969766242845039649733
1	22846382696931821362163832450509079966842900912680731293497709373867217250246149125849792485049636043635289974304383414697819763278183167547462926279099915754004558121718866366830211920488481541995933608662244474634526610181025878248433
1	45430163293898909145452218551012308439814044343606511652587399099758949244742342514620851723144678569527645581088026790146239299392249287192081451106715924430376879943188090591512950140741463296152833497684693035767506937486402882054869
1	38865110794780569673566059800866021093020107299732738292386907900371817850993449087652520549279840625954286393069525808911233620289323089620971414819618247489570972436947037037826107634853968600176990506689795198228849865595302532953603
1	19957759597319751994533922600444713534253568613376271015009493246136879436996636017983726768549107348463011931576242982954417264472895640616174510312776937900049958818972802803208001217897983875766562692624489426117517498548941324317591
1	33613068795485898096057132800748991215584957664633719604226514940862112735994334346077855610187970271095599042654725023923229077006982131564083385789940105936926246431954194194876633630143972843396316113893876928197924208082428038612157
1	20482963797249219152284815300456416521997083576886172883825532542087849948496547492141193262458294383948880666617723061453217718801129736421863313215744752055314431419472087087502948618368983451444630131904081253120610064300230483983547
1	48056184293546244934206682051070823378531619161156020996667595579513801802241899885408184192690613746956989256295427182640241571033419766220525465621554995206699242945684512012987687143096461174543170694082652170782969766242845613609611
1	25735005796543890729793742300573446399432233211985191571985925501597555063495662233715858201550164738807568017032523846441222262083470694478751342245422893607959157424464929930452422623078979208225304524699999523151535721813109642563491
1	29674037296014894412925437550661218807508595438309455588106220221229833899744998289896856905869067504951583529843624435182225669545226413021417364017681499772442701928209562062664528126611476025810810319296938225674729964947766855601937
1	12867502898271945364896871150286723199716116605992595785992962750798777531747831116857929100775082369403784008516261923220611131041735347239375671122711446803979578712232464965226211311539489604112652262349999761575767860906557381016663
1	27310618396332292203046420400608555362662778102514897178434043389450466597995396656188257683277725845265174222156964081937623625068172981895817750954326336073752575225962782783337264824491977935259506842538775004160813419066971463330509
1	28886230996120693676299098500643664325893322993044602784882161277303378132495131078660657165005286951722780427281404317434024988052875269312884159663229778539545993027460635636222107025904976662293709160377550485170091116320836323413829
1	8928471398800941681765175900198950791639754379668331769872668031166498695498495060676930396456179603259768495705161334479607723579979628696709649350452840639496034208487832833014105808006992786527146467753061059052573617771898387413609
1	34926079295309565990434364550778248684943745073408474276266613180739539014744113031471521844960937859810270880258425220170230212827567371078305393047359641325087427933202404905614002131321471782591484712092856495705655622460645463929699
1	18382146997531350521281244500409604571023023722846565408561375358283967902496901595511327286821546242005405726451802747458015901488193353199108101603873495434256541017474949950323159016484985148732360374785713945108239801295079957707591
1	9191073498765675260640622250204802285511511861423282704280687679141983951248450797755663643410773121002702863225901373729007950744096676599554050801936747717128270508737474975161579508242492574366180187392856972554119900647541396015153
1	1050408399858934315501785400023405975487029927019803737632078591901941022999822948314932987818374070971737470082960156997600908656468191611377605805935628310528945200998568568589894800941999151356134878559183654006185131502578345982637
1	22058576397037620625537493400491525485227628467415878490273650429940761482996281914613592744185855490406486871742163296949619081785832023838929721924648194521107849220969939940387790819781982178478832449742856734129887761554094464548497
1	48318786393510978513082128401076674872403376642910971931075615227489287057991855622486917439645207264699923623816167221889641798197536814123369867073038902284331479245934154155135160843331960962382204413722448084284516049118487315413609
1	2363418899682602209879017150052663444845817335794558409672176831779367301749601633708599222591341659686409307686660353244602044477053431125599613063355163698690126702246779279327263302119498090551303476758163221513916545880795931881651
1	39390314994710036831316952500877724080763622263242640161202947196322788362493360561809987043189027661440155128111005887410034074617557185426660217722586061644835445037446321322121055035324968175855057945969387025231942431346592312669757
1	43066744394216306935573201400959644994968227007811953242915222267979581942992740880912252500553336909841236273401366436901637254915195856066481838043360760731686753240941311312185686838621965205601530020926529814253590391605610093500501
1	26522812096438091466420081350591000881047505657250044375209984445524010830745529444952057942413945292036371119594743964189422943575821838187284546599874614840855866325213856356894843723785478571742405683619387263656174570440039746196721
1	44642356994004708408825879500994753958198771898341658849363340155832493477492475303384651982280898016298842478525806672398038617899898143483548246752264203197480171042439164165070529040034963932635732338765305295262868088859472708884661
1	39915519194639503989067845200889427068507137226752542030018986492273758873993272035967453537098214696926023863152485965908834528945791281232349020625553875800099917637945605606416002435795967751533125385248978852235034997097878265409399
1	44904959093969441987701325851000605452070529380096609783771359803807978733242431040463385229235491534041776846046546711647438845064015191386392648203748110275112407342688806307218002740270463720474766058405101208764414371735115047851319
1	41753733894392639041195969650930387525609439599037198570875124028102155664242962195518586265780369321126564435797666240654636119094610616552259830785941225343525571739693100601448318337444466266406361422727550246745858977227390065018863
1	34926079295309565990434364550778248684943745073408474276266613180739539014744113031471521844960937859810270880258425220170230212827567371078305393047359641325087427933202404905614002131321471782591484712092856495705655622460644155267893
1	23896791096790755677665617850532485942329930839700535031129787965769158273245972074164725472868010114607027444387343571695420671934651359158840532085035544064533503322717434935420106721430480693352068487221428128640711741683602666567643
1	9191073498765675260640622250204802285511511861423282704280687679141983951248450797755663643410773121002702863225901373729007950744096676599554050801936747717128270508737474975161579508242492574366180187392856972554119900647541839322297
1	52520419992946715775089270001170298774351496350990186881603929595097051149991147415746649390918703548586873504148007849880045432823409580568880290296781415526447260049928428429494740047099957567806743927959182700309256575128790620787149
1	42016335994357372620071416000936239019481197080792149505283143676077640919992917932597319512734962838869498803318406279904036346258727664455104232237425132421157808039942742743595792037679966054245395142367346160247405260103033326357901
1	49894398993299379986334806501111783835633921533440677537523733115342198592491590044959316921372768371157529828940607457386043161182239101540436275781942344750124897047432007008020003044744959689416406731561223565293793746372349653132049
1	43854550694110507672199540450977199476583499453076806046139281211906037710242608092148452241417117463070039375963586554649837936407546999775015042397812481964583462141690237738628107939328464569118631179845917554758229240232541893949543
1	16543932297778215469153120050368644113920721350561908867705237822455571112247211435960194558139391617804865153806622472712214311339374017879197291443486145890830886915727454955290843114836486633859124337307142550597415821165568892897427
1	46217969593793109882078557601029862921429316788871364455811458043685405011992209725857051464008459122756448683650246907894439980884600430900614655461167645663273588843937017017955371241447962659669934656604080776272145786113338085257821
1	46743173793722577039829450301041565909172831752381266324627497339636375523492121200014517957917646158242317418691726986393240435212834526706303458364135459818538061444436301302250318641918962235348002095883672603275238351864620503571823
1	36239089795133233884811596300807506154302532482183228948306711420616965293493891716865188079733905448524942717862125416417231348648152610592527400304779176713248609434450615616351370632498970721786653310291836063213387036838863822839437
1	41491131794427905462320523300924536031737682117282247636467104380126670408493006458439853018825775803383630068276926201405235891930493568649415429334457318265893335439443458459300844637208966478567327703087754333244312694351741854923567
1	42541540194286839777822308700947942007224712044302051374099182972028611431492829406754786006644149874355367538359886358402836800586961760260793035140392946576422280640442027027890739438150965629923462581646937987250497825854317589402101
1	30724445695873828728427222950684624782995625365329259325738298813131774922744821238211789893687441575923320999926584592179826578201694604632794969823617128082971647129208130631254422927553475177166945197856121879680915096450342586246037
1	9716277698695142418391514950216505273255026824933184573096726975092954462748362271913130137319960156488571598267381452227808405072330772405242853704904561872392743109236759259456526908713492150044247626672448799557212466398827994425401
1	23108984796896554941039278800514931460714658394435682227905729021842702505996104862928525732004229561378224341825123453947219990442300215450307327730583822831636794421968508508977685620723981329834967328302040388136072893056670861201411
