sieve choosen 571
number of total trys 10823
0.9239582370876837% Erfolgsquote 
1	6827654599083073050761605100152138840665694525628724294608510847362616649498849164047064420819431461316293555539241020484405906267043245473954437738581584018438143806490695695834316206122994483814876710634693751040203354766744704108059
1	36764293995062701042562489000819209142046047445693130817122750716567935804993803191022654573643092484010811452903605494916031802976386706398216203207746990868513082034949899900646318032969970297464720749571427890216479602590151999745849
1	19695157497355018415658476250438862040381811131621320080601473598161394181246680280904993521594513830720077564055502943705017037308778592713330108861293030822417722518723160661060527517662484087927528972984693512615971215673299132642333
1	15230921797954547574775888300339386644561933941787154195665139582578144833497432750566528323366424029090193316202922276465213175518788778364975284186066610502669705414479244244553474613658987694663955739108162983089684406787350533428761
1	787806299894200736626339050017554481615272445264852803224058943926455767249867211236199740863780553228803102562220117748200681492351143708533204354451721232896708900748926426442421100706499363517101158919387740504638848626936001542781
1	50419603193228847144085699201123486823377436496950579406339772411293169103991501519116783415281955406643398563982087535884843615510473197346125078684910158905389369647931291292314950445215959265094474170840815392296886312123639161685313
1	4989439899329937998633480650111178383563392153344067753752373311534219859249159004495931692137276837115752982894060745738604316118223910154043627578194234475012489704743200700802000304474495968941640673156122356529379374637238865496493
1	28098424696226492939672759450626109844278050547779749981658102333376922365245263867424457424141506398493977324719184199685824306560524125604350955308778057306649284126711709209779685925198477298776608001458162744665452267693901301400573
1	3151225199576802946505356200070217926461089781059411212896235775705823068999468844944798963455122212915212410248880470992802725969404574834132817417806884931586835602995705705769684402825997454068404635677550962018555394507733361214409
1	3413827299541536525380802550076069420332847262814362147304255423681308324749424582023532210409715730658146777769620510242202953133521622736977218869290792009219071903245347847917158103061497241907438355317346875520101677383374875331327
1	51995215793017248617338377301158595786607981387480285012787890299146080638491235941589182897009516513101004769106527771381244978495175484763191487393813601371182787449429144145199792646628957992128676488679590873306164009377502816134171
1	49369194793369912828583913801100080847890406569930775668707693819391228080991678570801850427463581335671661093899127378887242706854005005734747472878974530594860424446932722723725055644273960113738339292281631738290701180621061745811601
1	3939031499471003683131695250087772408076362226324264016120294719632278836249336056180998704318902766144015512811100588741003407461755718542666021772258606164483544503744632132212105503532496817585505794596938702523194243134663261935653
1	21270770097143419888911154350473971003612356022151025687049591486014305715746414703377393003322074937177683769179943179201418400293480880130396517570196473288211140320221013513945369719075482814961731290823468993625248912927162282354193
1	25472403696579157150918295950567594905560475730230240637577905853622069807745706496637124954595571221064633649511783807191822034919353646575906940793938986530326921124215287788304948922843479420386270805060203609649989438937465711769609
1	1838214699753135052128124450040960457102302372284656540856137535828396790249690159551132728682154624200540572645180274745801590148819335319910810160387349543425654101747494995032315901648498514873236037478571394510823980129508060431207
1	44379754894039974829950433150988902464327014416586707914955320507857008221742519566305918735326304498555908111005066633148638390735781095580703845300780296119847934742189522022923055339799464144796698619125509381761321805983828777083443
1	20482963797249219152284815300456416521997083576886172883825532542087849948496547492141193262458294383948880666617723061453217718801129736421863313215744752055314431419472087087502948618368983451444630131904081253120610064300229187182457
1	14705717598025080417024995600327683656818418978277252326849100286627174321997521276409061829457236993604324581161442197966412721190554682559286481283098796347405232813979959960258527213187988118985888299828571156086591841036062668394451
1	24684597396684956414291956900550040423945203284965387834353846909695614040495839285400925213731790667835830546949563689443621353427002502867373736439487265297430212223466361361862527822136980056869169646140815869145350590310533844816123
1	2100816799717868631003570800046811950974059854039607475264157183803882045999645896629865975636748141943474940165920313995201817312936383222755211611871256621057890401997137137179789601883998302712269757118367308012370263005157632291027
1	2626020999647335788754463500058514938717574817549509344080196479754852557499557370787332469545935177429343675207400392494002271641170479028444014514839070776322363002496421421474737002354997878390337196397959135015462828756443533281753
1	32300058295662230201679901050719733746226170255858964932186416700984686457244555660684189375415002682380927205051024827676227941186396892049861378532520570548765064930705983484139265128966473904201147515694897360690192793704207361474087
1	18644749097496084100156690850415456064894781204601516342969395006259453158246857332590060533776139759748340093972542786707416128652310401101952503055357402511888777317724592092470632716720484936571394094425509858609786084170722961973577
1	1575612599788401473252678100035108963230544890529705606448117887852911534499734422472399481727561106457606205124440235496401362984702287417066408708903442465793417801497852852884842201412998727034202317838775481009277697253864136536347
1	29411435196050160834049991200655367313636837956554504653698200573254348643995042552818123658914473987208649162322884395932825442381109365118572962566197592694810465627959919920517054426375976237971776599657142312173183682072124633663489
1	29148833096085427255174544850649515819765080474799553719290180925278863388245086815739390411959880469465714794802144356683425215216992317215728561114713685617178229327710277778369580726140476450132742880017346398671637399196480772215141
1	47268377993652044197580343001053268896916346715891168193443536635587346034992032674171984451826833193728186153733207064892040889541068622511992261267103273973802534044935585586545266042389961811026069535163264430278330917615914005423813
1	35713885595203766727060703600795803166559017518673327079490672124665994781993980242707721585824718413039073982820645337918430894319918514786838597401811362557984136833951331332056423232027971146108585871012244236210294471087577379928057
1	41491131794427905462320523300924536031737682117282247636467104380126670408493006458439853018825775803383630068276926201405235891930493568649415429334457318265893335439443458459300844637208966478567327703087754333244312694351745078850533
1	2100816799717868631003570800046811950974059854039607475264157183803882045999645896629865975636748141943474940165920313995201817312936383222755211611871256621057890401997137137179789601883998302712269757118367308012370263005157634698023
1	29148833096085427255174544850649515819765080474799553719290180925278863388245086815739390411959880469465714794802144356683425215216992317215728561114713685617178229327710277778369580726140476450132742880017346398671637399196477037527603
1	13392707098201412522647763850298426187459631569502497654809002046749748043247742591015395594684269404889652743557742001719411585369969443045064474025679260959244051312731749249521158712010489179790719701629591588578860426657844823125953
1	42278938094322106198946862350942090513352954562547100439691163324053126175742873669676052759689556356612433170839146319153436573422844712357948633688909039498790044340192384885743265737915465842084428862007142073748951542978677262233873
1	31774854095732763043929008350708030758482655292349063063370377405033715945744644186526722881505815646895058470009544749177427486858162796244172575629552756393500592330206699199844317728495474328523080076415305533687100227952920021921267
1	54621236792664584406092840801217110725325556205029794356868086778900933195990793312376515366555451690530348444313928163875247250136345963791635501908652672147505150451925565566674529648983955870519013685077550008321626838133941691503967
1	54621236792664584406092840801217110725325556205029794356868086778900933195990793312376515366555451690530348444313928163875247250136345963791635501908652672147505150451925565566674529648983955870519013685077550008321626838133942138333947
1	50157001093264113565210252851117635329505679015195628471931752763317683848241545782038050168327361888900464196461347496635443388346356149443280677233426251827757133347681649150167476744980459477255440451201019478795340029247994847620987
1	16543932297778215469153120050368644113920721350561908867705237822455571112247211435960194558139391617804865153806622472712214311339374017879197291443486145890830886915727454955290843114836486633859124337307142550597415821165568278099639
1	17069136497707682626904012750380347101664236314071810736521277118406541623747122910117661052048578653290733888848102551211014765667608113684886094346453960046095359516226739239585790515307486209537191776586734377600508386916859748136103
1	38865110794780569673566059800866021093020107299732738292386907900371817850993449087652520549279840625954286393069525808911233620289323089620971414819618247489570972436947037037826107634853968600176990506689795198228849865595306134859209
1	28886230996120693676299098500643664325893322993044602784882161277303378132495131078660657165005286951722780427281404317434024988052875269312884159663229778539545993027460635636222107025904976662293709160377550485170091116320836241695897
1	5252041999294671577508927000117029877435149635099018688160392959509705114999114741574664939091870354858687350414800784988004543282340958056888029029678141552644726004992842842949474004709995756780674392795918270030925657512884825045087
1	12867502898271945364896871150286723199716116605992595785992962750798777531747831116857929100775082369403784008516261923220611131041735347239375671122711446803979578712232464965226211311539489604112652262349999761575767860906556372644813
1	262602099964733578875446350005851493871757481754950934408019647975485255749955737078733246954593517742934367520740039249400227164117047902844401451483907077632236300249642142147473700235499787839033719639795913501546282875647688254331
1	37289498194992168200313381700830912129789562409203032685938790012518906316493714665180121067552279519496680187945085573414832257304620802203905006110714805023777554635449184184941265433440969873142788188851019717219572168341438933278127
1	3939031499471003683131695250087772408076362226324264016120294719632278836249336056180998704318902766144015512811100588741003407461755718542666021772258606164483544503744632132212105503532496817585505794596938702523194243134663193996019
1	51995215793017248617338377301158595786607981387480285012787890299146080638491235941589182897009516513101004769106527771381244978495175484763191487393813601371182787449429144145199792646628957992128676488679590873306164009377501067418691
1	52257817892981982196213823651164447280479738869235235947195909947121565894241191678667916143964110030843939136627267810630645205659292532666035888845297508448815023749678786287347266346864457779967710208319386786807710292253147963654371
1	17331738597672416205779459100386198595535993795826761670929296766382026879497078647196394299003172171033668256368842590460414992831725161587730495797937867123727595816476381381733264215542985997376225496226530291102054669792500072381683
1	16806534397742949048028566400374495607792478832316859802113257470431056367997167173038927805093985135547799521327362511961614538503491065782041692894970052968463123215977097097438316815071986421698158056946938464098962104041215349008803
1	6827654599083073050761605100152138840665694525628724294608510847362616649498849164047064420819431461316293555539241020484405906267043245473954437738581584018438143806490695695834316206122994483814876710634693751040203354766746391216007
1	11554492398448277470519639400257465730357329197217841113952864510921351252998052431464262866002114780689112170912561726973609995221150107725153663865291911415818397210984254254488842810361990664917483664151020194068036446528335598464083
1	35188681395274299569309810900784100178815502555163425210674632828715024270494068768550255091915531377553205247779165259419630439991684418981149794498843548402719664233452047047761475831556971570430518431732652409207201905336289510432929
1	16806534397742949048028566400374495607792478832316859802113257470431056367997167173038927805093985135547799521327362511961614538503491065782041692894970052968463123215977097097438316815071986421698158056946938464098962104041213144358891
1	40965927594498438304569630600912833043994167153772345767651065084175699896993094984282386524916588767897761333235446122906435437602259472843726626431489504110628862838944174175005897236737966902889260263808162506241220128600455908172727
1	52783022092911449353964716351176150268223253832745137816011949243072536405741103152825382637873297066329807871668747889129445659987526628471724691748265322604079496350178070571642213747335457355645777647598978613810802858004434554728751
1	47005775893687310618704896651047417403044589234136217259035516987611860779242076937093251204872239675985251786212467025642640662376951574609147859815619366896170297744685943444397792342154462023187035815523468516776784634740268103111909
1	15756125997884014732526781000351089632305448905297056064481178878529115344997344224723994817275611064576062051244402354964013629847022874170664087089034424657934178014978528528848422014129987270342023178387754810092776972538640217659343
1	28623628896155960097423652150637812832021565511289651850474141629327892876745175341581923918050693433979846059760664278184624760888758221410039758211745871461913756727210993494074633325669476874454675440737754571668544833445191089150797
1	7090256699047806629637051450157990334537452007383675229016530495338101905248804901125797667774024979059227923059981059733806133431160293376798839190065491096070380106740337837981789906358494271653910430274489664541749637642391592013639
1	53045624192876182932840162701182001762095011314500088750419968891048021661491058889904115884827890584072742239189487928378845887151643676374569093199749229681711732650427712713789687447570957143484811367238774527312349140880075815073053
1	17069136497707682626904012750380347101664236314071810736521277118406541623747122910117661052048578653290733888848102551211014765667608113684886094346453960046095359516226739239585790515307486209537191776586734377600508386916859877173857
1	52783022092911449353964716351176150268223253832745137816011949243072536405741103152825382637873297066329807871668747889129445659987526628471724691748265322604079496350178070571642213747335457355645777647598978613810802858004432989014457
1	4201633599435737262007141600093623901948119708079214950528314367607764091999291793259731951273496283886949880331840627990403634625872766445510423223742513242115780803994274274359579203767996605424539514236734616024740526010305495860611
1	37026896095027434621437935350825060635917804927448081751530770364543421060743758928101387820597686001753745820424345534165432030140503754301060604659230897946145318335199542042793791733205470085303754469211223803718025885465799887636541
1	48581388493475712091957574751082526366275134124665922865483634875464772313741811359565650686599800782442857991336907261139042025361653862026214268524522809361963715546183796297282634543567460750221238133362243997786062331994128024819827
1	40965927594498438304569630600912833043994167153772345767651065084175699896993094984282386524916588767897761333235446122906435437602259472843726626431489504110628862838944174175005897236737966902889260263808162506241220128600457600939333
1	49894398993299379986334806501111783835633921533440677537523733115342198592491590044959316921372768371157529828940607457386043161182239101540436275781942344750124897047432007008020003044744959689416406731561223565293793746372351300296767
1	11029288198518810312768746700245762742613814233707939245136825214970380741498140957306796372092927745203243435871081648474809540892916011919464860962324097260553924610484969970193895409890991089239416224871428367064943880777047740251757
1	53833430492770383669466501751199556243710283759764941553644027834974477428740926101140315625691671137301545341751708046127046568643994820083102297554200950914608441551176639140232108548277456507001912526158162267816987989507010281800629
1	39652917094674770410192398850883575574635379744997591095610966844298273618243316298888720290143621179183089495631745926659434301781674233329504619174069968722467681337695963464268528735560467963694091665609182938733488714222237999607313
1	8403267198871474524014283200187247803896239416158429901056628735215528183998583586519463902546992567773899760663681255980807269251745532891020846447485026484231561607988548548719158407535993210849079028473469232049481052020609983765599
1	34926079295309565990434364550778248684943745073408474276266613180739539014744113031471521844960937859810270880258425220170230212827567371078305393047359641325087427933202404905614002131321471782591484712092856495705655622460647282145623
1	33613068795485898096057132800748991215584957664633719604226514940862112735994334346077855610187970271095599042654725023923229077006982131564083385789940105936926246431954194194876633630143972843396316113893876928197924208082427551220033
1	9191073498765675260640622250204802285511511861423282704280687679141983951248450797755663643410773121002702863225901373729007950744096676599554050801936747717128270508737474975161579508242492574366180187392856972554119900647543050412997
1	4464235699400470840882587950099475395819877189834165884936334015583249347749247530338465198228089801629884247852580667239803861789989814348354824675226420319748017104243916416507052904003496393263573233876530529526286808885951053934149
1	53833430492770383669466501751199556243710283759764941553644027834974477428740926101140315625691671137301545341751708046127046568643994820083102297554200950914608441551176639140232108548277456507001912526158162267816987989507008599085737
1	3939031499471003683131695250087772408076362226324264016120294719632278836249336056180998704318902766144015512811100588741003407461755718542666021772258606164483544503744632132212105503532496817585505794596938702523194243134660454089473
1	3151225199576802946505356200070217926461089781059411212896235775705823068999468844944798963455122212915212410248880470992802725969404574834132817417806884931586835602995705705769684402825997454068404635677550962018555394507729650994517
1	9191073498765675260640622250204802285511511861423282704280687679141983951248450797755663643410773121002702863225901373729007950744096676599554050801936747717128270508737474975161579508242492574366180187392856972554119900647541838904343
1	28361026796191226518548205800631961338149808029534700916066121981352407620995219604503190671096099916236911692239924238935224533724641173507195356760261964384281520426961351351927159625433977086615641721097958658166998550569548905034183
1	3939031499471003683131695250087772408076362226324264016120294719632278836249336056180998704318902766144015512811100588741003407461755718542666021772258606164483544503744632132212105503532496817585505794596938702523194243134663257154979
1	525204199929467157750892700011702987743514963509901868816039295950970511499911474157466493909187035485868735041480078498800454328234095805688802902967814155264472600499284284294947400470999575678067439279591827003092565751293281220779
1	38077304494886368936939720750848466611404834854467885489162848956445362083743581876416320808416060072725483290507305691163032938796971945912438210465166526256674263536198110611383686534147469236659889347770407457724211016968372772332267
1	48581388493475712091957574751082526366275134124665922865483634875464772313741811359565650686599800782442857991336907261139042025361653862026214268524522809361963715546183796297282634543567460750221238133362243997786062331994129952672041
1	40703325494533704725694184250906981550122409672017394833243045436200214641243139247203653277961995250154826965714706083657035210438142424940882224980005597032996626538694532032858423536502467115050226544168366592739673845724813719962163
1	28886230996120693676299098500643664325893322993044602784882161277303378132495131078660657165005286951722780427281404317434024988052875269312884159663229778539545993027460635636222107025904976662293709160377550485170091116320836707245401
1	9978879798659875997266961300222356767126784306688135507504746623068439718498318008991863384274553674231505965788121491477208632236447820308087255156388468950024979409486401401604000608948991937883281346312244713058758749274473185091747
1	44117152794075241251074986800983050970455256934831756980547300859881522965992563829227185488371710980812973743484326593899238163571664047677859443849296389042215698441939879880775581639563964356957664899485713468259775523108183102557519
1	28098424696226492939672759450626109844278050547779749981658102333376922365245263867424457424141506398493977324719184199685824306560524125604350955308778057306649284126711709209779685925198477298776608001458162744665452267693904528539649
1	12604900798307211786021424800280871705844359124237644851584943102823292275997875379779195853820488851660849640995521883971210903877618299336531269671227539726347342411982822823078737611303989816273618542710203848074221578030912509718323
1	25997607896508624308669188650579297893303990693740142506393945149573040319245617970794591448504758256550502384553263885690622489247587742381595743696906800685591393724714572072599896323314478996064338244339795436653082004688753508958963
1	40178121294604237567943291550895278562378894708507492964427006140249244129743227773046186784052808214668958230673226005158234756109908329135193422077037782877732153938195247748563476136031467539372159104888774765736581279973527827524429
1	2100816799717868631003570800046811950974059854039607475264157183803882045999645896629865975636748141943474940165920313995201817312936383222755211611871256621057890401997137137179789601883998302712269757118367308012370263005157636381581
1	4201633599435737262007141600093623901948119708079214950528314367607764091999291793259731951273496283886949880331840627990403634625872766445510423223742513242115780803994274274359579203767996605424539514236734616024740526010307127449547
1	14968319697989813995900441950333535150690176460032203261257119934602659577747477013487795076411830511347258948682182237215812948354671730462130882734582703425037469114229602102406000913423487906824922019468367069588138123911709564124297
1	53308226292840916511715609051187853255966768796255039684827988539023506917241014626982849131782484101815676606710227967628246114315760724277413494651233136759343968950677354855937161147806456931323845086878570440813895423755722415946363
1	13917911298130879680398656550310129175203146533012399523625041342700718554747654065172862088593456440375521478599222080218212039698203538850753276928647075114508523913231033533816106112481488755468787140909183415581952992409132559213147
1	22583780596967087783288386100503228472971143430925780359089689725891731994496193388771059238095042525892355606783643375448419536114066119644618524827616008676372321821469224224682738220252981754156899889022448561132980327305380643715789
