sieve choosen 193
number of total trys 3087
3.2393909944930352% Erfolgsquote 
1	9550194066801167118739932074173687372931251330647410794185790852579873806106621
1	34818415868545921787072669020424901880478520476318685187135695816697435498983019
1	7560570302884257302335779558720835836903907303429200212063751091625731384534351
1	38200776267204668474959728296694749491725005322589643176743163410319472300219531
1	7162645550100875339054949055630265529698438497985558095639343139434905473589303
1	11340855454326385953503669338081253755355860955143800318095626637438596582905347
1	5371984162575656504291211791722699147273828873489168571729507354576178282511171
1	8356419808451021228897440564901976451314844914316484444912566996007390421349237
1	39991437654729887309723465560602315874149614947086032700652999195178197619039227
1	3780285151442128651167889779360417918451953651714600106031875545812865771133309
1	20493124768344171108962770909164370821081643480347568995857009537827636928121877
1	28650582200403501356219796222521062118793753991942232382557372557739604048979643
1	1193774258350145889842491509271710921616406416330926349273223856572486244981533
1	27456807942053355466377304713249351197177347575611306033284148701167125646880847
1	3382360398658746687887059276269847611246484846270957989607467593622040157455729
1	397924752783381963280830503090570307205468805443642116424407952190829292791047
1	23676522790611226815209414933888933278725393923896705927252273155354260513924561
1	16712839616902042457794881129803952902629689828632968889825133992014773003348383
1	9948118819584549082020762577264257680136720136091052910610198804770700716247603
1	30242281211537029209343118234883343347615629213716800848255004366502916002835207
1	38001813890812977493319313045149464338122270919867822118530959434224060596247823
1	19896237639169098164041525154528515360273440272182105821220397609541393629221429
1	9351231690409476137099516822628402219328516927925589735973586876484458955551839
1	18702463380818952274199033645256804438657033855851179471947173752968908741568667
1	20294162391952480127322355657619085667478909077625747937644805561732222632760251
1	25069259425353063686692321694705929353944534742949453334737700988022155508263043
1	14126328723810059696469482859715245905794142593249295133066482302774389119142107
1	6963683173709184357414533804084980376095704095263737037427139163339490627087771
1	24671334672569681723411491191615359046739065937505811218313293035831326058560637
1	32828792104629011970668516504972050344451176449100474605013656055743297083458359
1	30043318835145338227702702983338058194012894810994979790042800390407504636154633
1	25467184178136445649973152197796499661150003548393095451162108940212985708877213
1	8953306937626094173818686319537831912123048122481947619549178924293629738756179
1	8953306937626094173818686319537831912123048122481947619549178924293627123919477
1	35216340621329303750353499523515472187683989281762327303560103768888264785575731
1	16911801993293733439435296381349238056232424231354789948037337968110188568340327
1	30640205964320411172623948737973913654821098019160442964679412318693748402254013
1	19100388133602334237479864148347374745862502661294821588371581705159739092874991
1	38598701019988050438240558799785319798930474128033285293167571362510299905733551
1	8356419808451021228897440564901976451314844914316484444912566996007388520456903
1	1193774258350145889842491509271710921616406416330926349273223856572489456632343
1	11141893077934694971863254086535968601753126552421979259883422661343181455170301
1	16911801993293733439435296381349238056232424231354789948037337968110184892278669
1	15916990111335278531233220123622812288218752217745684656976318087633117535970391
1	24671334672569681723411491191615359046739065937505811218313293035831326506334439
1	37007002008854522585117236787423038570108598906258716827469939553746992552481019
1	994811881958454908202076257726425768013672013609105291061019880477075649986289
1	38797663396379741419880974051330604952533208530755106351379775338605712752415481
1	36808039632462831603476821535877753416505864503536895769257735577651576521133419
1	20294162391952480127322355657619085667478909077625747937644805561732224038572073
1	26859920812878282521456058958613495736369144367445842858647536772880881607825781
1	4974059409792274541010381288632128840068360068045526455305099402385350539560003
1	38200776267204668474959728296694749491725005322589643176743163410319474074968183
1	19299350509994025219120279399892659899465237064016642646583785681255153464729819
1	4178209904225510614448720282450988225657422457158242222456283498003694115672699
1	28849544576795192337860211474066347272396488394664053440769576533835018875491681
1	25069259425353063686692321694705929353944534742949453334737700988022155189483121
1	19498312886385716200760694651437945053067971466738463704795989657350563777631343
1	795849505566763926561661006181140614410937610887284232848815904381657557726063
1	37603889138029595530038482542058894030916802114424180002106551482033231086616227
1	21885861403086007980445677669981366896300784299400316403342437370495532622834019
1	36808039632462831603476821535877753416505864503536895769257735577651575292719879
1	38200776267204668474959728296694749491725005322589643176743163410319473325015391
1	7162645550100875339054949055630265529698438497985558095639343139434905598364913
1	3183398022267055706246644024724562457643750443549136931395263617526625064833969
1	16115952487726969512873635375168097441821486620467505715188522063728530890020791
1	3183398022267055706246644024724562457643750443549136931395263617526623822792923
1	26660958436486591539815643707068210582766409964724021800435332796785469105390721
1	8157457432059330247257025313356691297712110511594663386700363019911971938457029
1	33027754481020702952308931756517335498053910851822295663225860031838712395589589
1	7162645550100875339054949055630265529698438497985558095639343139434906957532547
1	33823603986587466878870592762698476112464848462709579896074675936220369883815539
1	3979247527833819632808305030905703072054688054436421164244079521908281892011911
1	18702463380818952274199033645256804438657033855851179471947173752968908846582759
1	3581322775050437669527474527815132764849219248992779047819671569717454075615683
1	26859920812878282521456058958613495736369144367445842858647536772880882134142873
1	9948118819584549082020762577264257680136720136091052910610198804770700680358849
1	3183398022267055706246644024724562457643750443549136931395263617526625032007201
1	4576134657008892577729550785541558532862891262601884338880691450194524459243601
1	12932554465459913806626991350443534984177736176918368783793258446201909007614843
1	28650582200403501356219796222521062118793753991942232382557372557739605620801307
1	26461996060094900558175228455522925429163675562002200742223128820690055197616437
1	14524253476593441659750313362805816212999611398692937249490890254965219743933001
1	37205964385246213566757652038968323723711333308980537885682143529842404524243399
1	13728403971026677733188652356624675598588673787805653016642074350583560975946667
1	22482748532261080925366923424617222357108987507565779577979049298781776406176053
1	4576134657008892577729550785541558532862891262601884338880691450194524462467569
1	9351231690409476137099516822628402219328516927925589735973586876484459838523917
1	38996625772771432401521389302875890106135942933476927409591979314701130982570593
1	10545005948759622026942008331900113140944923344256516085246810733056943436356851
1	38996625772771432401521389302875890106135942933476927409591979314701131162974609
1	26263033683703209576534813203977640275560941159280379684010924844594638113384013
1	1989623763916909816404152515452851536027344027218210582122039760954141566489259
1	29645394082361956264421872480247487886807426005551337673618392438216676826513381
1	15519065358551896567952389620532241981013283412302042540551910135442288783096129
1	27456807942053355466377304713249351197177347575611306033284148701167123336372497
1	27257845565661664484736889461704066043574613172889484975071944725071710934548571
1	8555382184842712210537855816447261604917579317038305503124770972102802427033213
1	2188586140308600798044567766998136689630078429940031640334243737049557222764541
1	11141893077934694971863254086535968601753126552421979259883422661343181489517787
