sieve choosen 193
number of total trys 2982
3.35345405767941% Erfolgsquote 
1	18901425757210643255839448896802089592259768258573000530159377729064325264053633
1	795849505566763926561661006181140614410937610887284232848815904381658104644189
1	26660958436486591539815643707068210582766409964724021800435332796785465857263607
1	33425679233804084915589762259607905805259379657265937779650267984029538893802451
1	39593512901946505346442635057511745566944146141642390584228591242987373004687109
1	18901425757210643255839448896802089592259768258573000530159377729064324121739733
1	22880673285044462888647753927707792664314456313009421694403457250972605891685037
1	35813227750504376695274745278151327648492192489927790478196715697174509943564773
1	3780285151442128651167889779360417918451953651714600106031875545812868819500689
1	27854732694836737429658135216339921504382816381054948149708556653357950257470197
1	10346043572367931045301593080354827987342188941534695027034606756961526419191131
1	26263033683703209576534813203977640275560941159280379684010924844594637666630187
1	1989623763916909816404152515452851536027344027218210582122039760954142178941019
1	14524253476593441659750313362805816212999611398692937249490890254965220555417887
1	36609077256071140621836406284332468262903130100815074711045531601556161012448647
1	22283786155869389943726508173071937203506253104843958519766845322686364021654031
1	36609077256071140621836406284332468262903130100815074711045531601556164232330021
1	13529441594634986751548237105079390444985939385083831958429870374488146458072337
1	8555382184842712210537855816447261604917579317038305503124770972102801833042267
1	22482748532261080925366923424617222357108987507565779577979049298781774465425399
1	17110764369685424421075711632894523209835158634076611006249541944205596844767001
1	11937742583501458898424915092717109216164064163309263492732238565724839793308971
1	10743968325151313008582423583445398294547657746978337143459014709152355990183261
1	23278598037827844851928584430798362971519925118453063810827865203163429376031987
1	38200776267204668474959728296694749491725005322589643176743163410319477008141823
1	24074447543394608778490245436979503585930862729340348043676681107545086422944769
1	22880673285044462888647753927707792664314456313009421694403457250972604512564677
1	32430867351845630007387686001881480037245707643656832488589248103552473461294071
1	6167833668142420430852872797903839761684766484376452804578323258957834004817359
1	34420491115762539823791838517334331573273051670875043070711287864506608444315331
1	27655770318445046448017719964794636350780081978333127091496352677262538984130011
1	3382360398658746687887059276269847611246484846270957989607467593622038072192531
1	37603889138029595530038482542058894030916802114424180002106551482033233372742059
1	12136704959893149880065330344262394369766798566031084550944442541820250136754251
1	27854732694836737429658135216339921504382816381054948149708556653357948950768963
1	24870297048961372705051906443160644200341800340227632276525497011926743621071299
1	22084823779477698962086092921526652049903518702122137461554641346590944615050157
1	32629829728237320989028101253426765190848442046378653546801452079647884039339501
1	3979247527833819632808305030905703072054688054436421164244079521908278749557903
1	2785473269483673742965813521633992150438281638105494814970855665335799436864737
1	28849544576795192337860211474066347272396488394664053440769576533835019649192887
1	9948118819584549082020762577264257680136720136091052910610198804770695719161903
1	29446431705970265282781457228702202733204691602829516615406188462121263559503111
1	27655770318445046448017719964794636350780081978333127091496352677262539560485189
1	16712839616902042457794881129803952902629689828632968889825133992014770406307797
1	4178209904225510614448720282450988225657422457158242222456283498003696394361019
1	40787287160296651236285126566783456488560552557973316933501815099559854240111179
1	25666146554528136631613567449341784814752737951114916509374312916308394651914407
1	29844356458753647246062287731792773040410160408273158731830596414312088500110729
1	10147081195976240063661177828809542833739454538812873968822402780866114252292853
1	32231904975453939025747270750336194883642973240935011430377044127457055969770637
1	22880673285044462888647753927707792664314456313009421694403457250972600868270541
1	2785473269483673742965813521633992150438281638105494814970855665335799544584507
1	27257845565661664484736889461704066043574613172889484975071944725071709894521873
1	10942930701543003990222838834990683448150392149700158201671218685247769356616131
1	3780285151442128651167889779360417918451953651714600106031875545812864493908509
1	33425679233804084915589762259607905805259379657265937779650267984029541111784107
1	31635017846278866080826024995700339422834770032769548255740432199170814394315597
1	39991437654729887309723465560602315874149614947086032700652999195178202015248549
1	29048506953186883319500626725611632425999222797385874498981780509930434015318619
1	13728403971026677733188652356624675598588673787805653016642074350583561667749373
1	25268221801744754668332736946251214507547269145671274392949904964117571331959841
1	1591699011133527853123322012362281228821875221774568465697631808763315041623269
1	9749156443192858100380347325718972526533985733369231852397994828675286305533477
1	7958495055667639265616610061811406144109376108872842328488159043816558258329211
1	29645394082361956264421872480247487886807426005551337673618392438216677767540463
1	18304538628035570310918203142166234131451565050407537355522765800778082270120849
1	9152269314017785155459101571083117065725782525203768677761382900389044683027613
1	8953306937626094173818686319537831912123048122481947619549178924293631397747899
1	12335667336284840861705745595807679523369532968752905609156646517915665068017757
1	9152269314017785155459101571083117065725782525203768677761382900389045925012431
1	5371984162575656504291211791722699147273828873489168571729507354576180277900049
1	34420491115762539823791838517334331573273051670875043070711287864506611612098173
1	38399738643596359456600143548240034645327739725311464234955367386414885283567829
1	34818415868545921787072669020424901880478520476318685187135695816697435497451483
1	10147081195976240063661177828809542833739454538812873968822402780866112685087551
1	41782099042255106144487202824509882256574224571582422224562834980036926406831587
1	35415302997720994731993914775060757341286723684484148361772307744983678077943357
1	35813227750504376695274745278151327648492192489927790478196715697174506402062253
1	36609077256071140621836406284332468262903130100815074711045531601556162619430501
1	9948118819584549082020762577264257680136720136091052910610198804770700218769959
1	25865108930919827613253982700887069968355472353836737567586516892403812060062417
1	3780285151442128651167889779360417918451953651714600106031875545812866914814507
1	28650582200403501356219796222521062118793753991942232382557372557739607255151169
1	33425679233804084915589762259607905805259379657265937779650267984029543151531667
1	17508689122468806384356542135985093517040627439520253122673949896396425725515733
1	6167833668142420430852872797903839761684766484376452804578323258957833068277791
1	14922178229376823623031143865896386520205080204136579365915298207156048444414909
1	10942930701543003990222838834990683448150392149700158201671218685247765618034799
1	35415302997720994731993914775060757341286723684484148361772307744983678860680403
1	35216340621329303750353499523515472187683989281762327303560103768888263637678703
1	21686899026694316998805262418436081742698049896678495345130233394400122424004081
1	28451619824011810374579380970975776965191019589220411324345168581644194028547983
1	38399738643596359456600143548240034645327739725311464234955367386414890162355339
1	20095200015560789145681940406073800513876174674903926879432601585636806563454637
1	35415302997720994731993914775060757341286723684484148361772307744983677922613323
1	20493124768344171108962770909164370821081643480347568995857009537827634384116381
1	3382360398658746687887059276269847611246484846270957989607467593622041896420061
1	198962376391690981640415251545285153602734402721821058212203976095416610036327
1	39394550525554814364802219805966460413341411738920569526016387266891956213280719
