sieve choosen 193
number of total trys 2944
3.3967391304347823% Erfolgsquote 
1	3979247527833819632808305030905703072054688054436421164244079521908281279900473
1	38996625772771432401521389302875890106135942933476927409591979314701128071115337
1	4178209904225510614448720282450988225657422457158242222456283498003697277140023
1	7759532679275948283976194810266120990506641706151021270275955067721147327759649
1	2586510893091982761325398270088706996835547235383673756758651689240383409033721
1	26660958436486591539815643707068210582766409964724021800435332796785465931012069
1	10147081195976240063661177828809542833739454538812873968822402780866113122567279
1	24273409919786299760130660688524788739533597132062169101888885083640498554560309
1	5173021786183965522650796540177413993671094470767347513517303378480766490826049
1	6963683173709184357414533804084980376095704095263737037427139163339488018465701
1	21288974273910935035524431915345511435492581091234853228705825442209294468199389
1	13927366347418368714829067608169960752191408190527474074854278326678977417753451
1	32828792104629011970668516504972050344451176449100474605013656055743300064526273
1	32828792104629011970668516504972050344451176449100474605013656055743295782596133
1	13728403971026677733188652356624675598588673787805653016642074350583565863025563
1	7560570302884257302335779558720835836903907303429200212063751091625731671455389
1	10346043572367931045301593080354827987342188941534695027034606756961528041243791
1	28451619824011810374579380970975776965191019589220411324345168581644194295438363
1	34619453492154230805432253768879616726875786073596864128923491840602021907451321
1	33425679233804084915589762259607905805259379657265937779650267984029540736979359
1	2188586140308600798044567766998136689630078429940031640334243737049557808406271
1	26660958436486591539815643707068210582766409964724021800435332796785466517456879
1	21686899026694316998805262418436081742698049896678495345130233394400120456956559
1	20493124768344171108962770909164370821081643480347568995857009537827632980262023
1	23676522790611226815209414933888933278725393923896705927252273155354259119659831
1	14524253476593441659750313362805816212999611398692937249490890254965221512766023
1	16513877240510351476154465878258667749026955425911147831612930015919359377593223
1	28650582200403501356219796222521062118793753991942232382557372557739608308093767
1	23278598037827844851928584430798362971519925118453063810827865203163431299164751
1	38797663396379741419880974051330604952533208530755106351379775338605718737915953
1	17309726746077115402716126884439808363437893036798432064461745920301012919993879
1	26859920812878282521456058958613495736369144367445842858647536772880881611125411
1	32430867351845630007387686001881480037245707643656832488589248103552472838003411
1	30043318835145338227702702983338058194012894810994979790042800390407502332927199
1	31237093093495484117545194492609769115629301227325906139316024246979989380675941
1	17110764369685424421075711632894523209835158634076611006249541944205598888897113
1	41384174289471724181206372321419311949368755766138780108138427027846094868733353
1	31436055469887175099185609744155054269232035630047727197528228223075403859698507
1	25666146554528136631613567449341784814752737951114916509374312916308399259662023
1	14723215852985132641390728614351101366602345801414758307703094231060633066169241
1	5371984162575656504291211791722699147273828873489168571729507354576177498488093
1	29048506953186883319500626725611632425999222797385874498981780509930434705840207
1	8356419808451021228897440564901976451314844914316484444912566996007384431451123
1	23875485167002917796849830185434218432328128326618526985464477131449673477195503
1	12534629712676531843346160847352964676972267371474726667368850494011078859589043
1	34818415868545921787072669020424901880478520476318685187135695816697437049700591
1	19896237639169098164041525154528515360273440272182105821220397609541393049809791
1	18304538628035570310918203142166234131451565050407537355522765800778082265986507
1	22681710908652771907007338676162507510711721910287600636191253274877191798645909
1	29844356458753647246062287731792773040410160408273158731830596414312090344968553
1	36012190126896067676915160529696612802094926892649611536408919673269922328759137
1	14325291100201750678109898111260531059396876995971116191278686278869804132417797
1	30839168340712102154264363989519198808423832421882264022891616294789159815205539
1	31635017846278866080826024995700339422834770032769548255740432199170816965418977
1	9749156443192858100380347325718972526533985733369231852397994828675286128468427
1	13728403971026677733188652356624675598588673787805653016642074350583565865869399
1	26859920812878282521456058958613495736369144367445842858647536772880879526654507
1	29247469329578574301141041977156917579601957200107695557193984486025846767637221
1	22681710908652771907007338676162507510711721910287600636191253274877189485799393
1	19896237639169098164041525154528515360273440272182105821220397609541392527548877
1	33425679233804084915589762259607905805259379657265937779650267984029543148284851
1	28053695071228428411298550467885206657985550783776769207920760629453367432732233
1	40986249536688342217925541818328741642163286960695137991714019075655268822659853
1	37404926761637904548398067290513608877314067711702358943894347505937818870992971
1	9351231690409476137099516822628402219328516927925589735973586876484457480748263
1	3382360398658746687887059276269847611246484846270957989607467593622038979278519
1	7162645550100875339054949055630265529698438497985558095639343139434902379488679
1	23278598037827844851928584430798362971519925118453063810827865203163427723023889
1	32430867351845630007387686001881480037245707643656832488589248103552471700238009
1	19896237639169098164041525154528515360273440272182105821220397609541397043169601
1	26461996060094900558175228455522925429163675562002200742223128820690053174546801
1	32629829728237320989028101253426765190848442046378653546801452079647885850869817
1	1193774258350145889842491509271710921616406416330926349273223856572484937233097
1	6764720797317493375774118552539695222492969692541915979214935187244074872497409
1	29247469329578574301141041977156917579601957200107695557193984486025849671014877
1	3183398022267055706246644024724562457643750443549136931395263617526625187591259
1	33226716857412393933949347008062620651656645254544116721438064007934129106843829
1	39991437654729887309723465560602315874149614947086032700652999195178200300006961
1	3780285151442128651167889779360417918451953651714600106031875545812865901171919
1	34420491115762539823791838517334331573273051670875043070711287864506609775488111
1	4377172280617201596089135533996273379260156859880063280668487474099111120954259
1	30441243587928720190983533486428628501218363616438621906467208342598330233274947
1	19100388133602334237479864148347374745862502661294821588371581705159739176465929
1	38598701019988050438240558799785319798930474128033285293167571362510300124551213
1	11937742583501458898424915092717109216164064163309263492732238565724837881578931
1	36211152503287758658555575781241897955697661295371432594621123649365335874466917
1	30043318835145338227702702983338058194012894810994979790042800390407506537245571
1	6565758420925802394133703300994410068890235289820094921002731211148662122779697
1	17309726746077115402716126884439808363437893036798432064461745920301010758170399
1	5769908915359038467572042294813269454479297678932810688153915306767005982948561
1	25666146554528136631613567449341784814752737951114916509374312916308395610635117
1	10545005948759622026942008331900113140944923344256516085246810733056942055262861
1	34619453492154230805432253768879616726875786073596864128923491840602021589794977
1	38399738643596359456600143548240034645327739725311464234955367386414888947780607
1	21487936650302626017164847166890796589095315493956674286918029418304705409982537
1	33226716857412393933949347008062620651656645254544116721438064007934128218611177
1	14723215852985132641390728614351101366602345801414758307703094231060632161965291
1	16115952487726969512873635375168097441821486620467505715188522063728532747181941
1	7162645550100875339054949055630265529698438497985558095639343139434902617014213
1	37205964385246213566757652038968323723711333308980537885682143529842405037387291
