sieve choosen 193
number of total trys 3216
3.109452736318408% Erfolgsquote 
1	10942930701543003990222838834990683448150392149700158201671218685247769880993649
1	11340855454326385953503669338081253755355860955143800318095626637438597591140933
1	23875485167002917796849830185434218432328128326618526985464477131449673473841413
1	29048506953186883319500626725611632425999222797385874498981780509930436359735773
1	29844356458753647246062287731792773040410160408273158731830596414312091386435861
1	9152269314017785155459101571083117065725782525203768677761382900389041797640133
1	6565758420925802394133703300994410068890235289820094921002731211148661546076319
1	38797663396379741419880974051330604952533208530755106351379775338605715062192971
1	11340855454326385953503669338081253755355860955143800318095626637438594052584347
1	22681710908652771907007338676162507510711721910287600636191253274877190600605423
1	37802851514421286511678897793604179184519536517146001060318755458128648100406397
1	15718027734943587549592804872077527134616017815023863598764114111537700923800791
1	795849505566763926561661006181140614410937610887284232848815904381660829331379
1	33027754481020702952308931756517335498053910851822295663225860031838711649397159
1	15320102982160205586311974368986956827410549009580221482339706159346873030622427
1	19299350509994025219120279399892659899465237064016642646583785681255153472992107
1	24472372296177990741771075940070073893136331534783990160101089059735915148358201
1	24074447543394608778490245436979503585930862729340348043676681107545087976902911
1	9749156443192858100380347325718972526533985733369231852397994828675284394837097
1	40190400031121578291363880812147601027752349349807853758865203171273611405549621
1	30043318835145338227702702983338058194012894810994979790042800390407505183144481
1	30242281211537029209343118234883343347615629213716800848255004366502919218577741
1	30640205964320411172623948737973913654821098019160442964679412318693744801634161
1	9152269314017785155459101571083117065725782525203768677761382900389042382446819
1	16911801993293733439435296381349238056232424231354789948037337968110185466587923
1	1790661387525218834763737263907566382424609624496389523909835784858730284562237
1	23477560414219535833568999682343648125122659521174884869040069179258843438271213
1	23278598037827844851928584430798362971519925118453063810827865203163429996958129
1	14126328723810059696469482859715245905794142593249295133066482302774389250404217
1	22283786155869389943726508173071937203506253104843958519766845322686364157247393
1	12733592089068222824986576098898249830575001774196547725581054470106493059808877
1	2984435645875364724606228773179277304041016040827315873183059641431214076361617
1	9550194066801167118739932074173687372931251330647410794185790852579870947280333
1	23477560414219535833568999682343648125122659521174884869040069179258845205630139
1	16911801993293733439435296381349238056232424231354789948037337968110187215368257
1	5570946538967347485931627043267984300876563276210989629941711330671594013250213
1	30043318835145338227702702983338058194012894810994979790042800390407505312417637
1	10147081195976240063661177828809542833739454538812873968822402780866113586544267
1	32032942599062248044106855498790909730040238838213190372164840151361644292102207
1	32032942599062248044106855498790909730040238838213190372164840151361643279112831
1	21487936650302626017164847166890796589095315493956674286918029418304708375657503
1	18503501004427261292558618393711519285054299453129358413734969776873496459371653
1	12136704959893149880065330344262394369766798566031084550944442541820251247757719
1	38001813890812977493319313045149464338122270919867822118530959434224059698708967
1	40588324783904960254644711315238171334957818155251495875289611123464441436198247
1	13728403971026677733188652356624675598588673787805653016642074350583564985722651
1	15121140605768514604671559117441671673807814606858400424127502183251461890338699
1	22084823779477698962086092921526652049903518702122137461554641346590946064901091
1	21487936650302626017164847166890796589095315493956674286918029418304704837264697
1	10147081195976240063661177828809542833739454538812873968822402780866110593425317
1	13728403971026677733188652356624675598588673787805653016642074350583561669702127
1	3183398022267055706246644024724562457643750443549136931395263617526626249390607
1	14723215852985132641390728614351101366602345801414758307703094231060633140824773
1	12335667336284840861705745595807679523369532968752905609156646517915665067796333
1	38399738643596359456600143548240034645327739725311464234955367386414889559238017
1	29048506953186883319500626725611632425999222797385874498981780509930435146256033
1	13131516841851604788267406601988820137780470579640189842005462422297323256737797
1	26859920812878282521456058958613495736369144367445842858647536772880883079127831
1	23079635661436153870288169179253077817917190715731242752615661227068018786409119
1	397924752783381963280830503090570307205468805443642116424407952190833810243681
1	8555382184842712210537855816447261604917579317038305503124770972102800069043613
1	21288974273910935035524431915345511435492581091234853228705825442209289576473013
1	29446431705970265282781457228702202733204691602829516615406188462121261262221647
1	36012190126896067676915160529696612802094926892649611536408919673269923228460251
1	21090011897519244053884016663800226281889846688513032170493621466113879603989021
1	5769908915359038467572042294813269454479297678932810688153915306767004880384313
1	19100388133602334237479864148347374745862502661294821588371581705159737403749729
1	15121140605768514604671559117441671673807814606858400424127502183251459705723837
1	25268221801744754668332736946251214507547269145671274392949904964117568115928683
1	33624641610195775897230177511153190958862114059987758837862471960124955400200981
1	29446431705970265282781457228702202733204691602829516615406188462121264754581441
1	6366796044534111412493288049449124915287500887098273862790527235053249930740641
1	16911801993293733439435296381349238056232424231354789948037337968110188390638711
1	32828792104629011970668516504972050344451176449100474605013656055743298488182997
1	29247469329578574301141041977156917579601957200107695557193984486025849367030399
1	24074447543394608778490245436979503585930862729340348043676681107545087328650709
1	28650582200403501356219796222521062118793753991942232382557372557739609157170221
1	38996625772771432401521389302875890106135942933476927409591979314701130623472513
1	31833980222670557062466440247245624576437504435491369313952636175266228466200717
1	17309726746077115402716126884439808363437893036798432064461745920301014490828961
1	27456807942053355466377304713249351197177347575611306033284148701167122731595107
1	1591699011133527853123322012362281228821875221774568465697631808763313124749541
1	31436055469887175099185609744155054269232035630047727197528228223075403292212353
1	39792475278338196328083050309057030720546880544364211642440795219082788149549243
1	28849544576795192337860211474066347272396488394664053440769576533835022446551143
1	28252657447620119392938965719430491811588285186498590266132964605548780456468401
1	16115952487726969512873635375168097441821486620467505715188522063728532928814103
1	14723215852985132641390728614351101366602345801414758307703094231060632157345753
1	198962376391690981640415251545285153602734402721821058212203976095418188100971
1	31038130717103793135904779241064483962026566824604085081103820270884570590156347
1	18105576251643879329277787890620948977848830647685716297310561824682670378665477
1	36609077256071140621836406284332468262903130100815074711045531601556163308208679
1	32828792104629011970668516504972050344451176449100474605013656055743297164542479
1	7361607926492566320695364307175550683301172900707379153851547115530319211129607
1	28650582200403501356219796222521062118793753991942232382557372557739605825909511
1	38598701019988050438240558799785319798930474128033285293167571362510302799736669
1	18901425757210643255839448896802089592259768258573000530159377729064325262941707
1	6565758420925802394133703300994410068890235289820094921002731211148664140497259
1	1591699011133527853123322012362281228821875221774568465697631808763313778703459
1	33027754481020702952308931756517335498053910851822295663225860031838715330513961
