sieve choosen 193
number of total trys 3131
3.1938677738741617% Erfolgsquote 
1	27257845565661664484736889461704066043574613172889484975071944725071707002650717
1	21885861403086007980445677669981366896300784299400316403342437370495534852949613
1	29048506953186883319500626725611632425999222797385874498981780509930432416235183
1	34420491115762539823791838517334331573273051670875043070711287864506609100891039
1	3183398022267055706246644024724562457643750443549136931395263617526624480871963
1	12136704959893149880065330344262394369766798566031084550944442541820251327460647
1	4377172280617201596089135533996273379260156859880063280668487474099110178024157
1	2188586140308600798044567766998136689630078429940031640334243737049555631222837
1	39394550525554814364802219805966460413341411738920569526016387266891955886051159
1	16712839616902042457794881129803952902629689828632968889825133992014769637444517
1	16911801993293733439435296381349238056232424231354789948037337968110183865523213
1	18901425757210643255839448896802089592259768258573000530159377729064326302425473
1	14723215852985132641390728614351101366602345801414758307703094231060631379201291
1	33226716857412393933949347008062620651656645254544116721438064007934124981939419
1	25467184178136445649973152197796499661150003548393095451162108940212984308907613
1	30640205964320411172623948737973913654821098019160442964679412318693744802698229
1	5769908915359038467572042294813269454479297678932810688153915306767006650969531
1	9152269314017785155459101571083117065725782525203768677761382900389042348384723
1	18304538628035570310918203142166234131451565050407537355522765800778085192783633
1	21487936650302626017164847166890796589095315493956674286918029418304703813713743
1	30242281211537029209343118234883343347615629213716800848255004366502916326971743
1	33823603986587466878870592762698476112464848462709579896074675936220366392630219
1	32032942599062248044106855498790909730040238838213190372164840151361641436626691
1	795849505566763926561661006181140614410937610887284232848815904381658253946501
1	4775097033400583559369966037086843686465625665323705397092895426289937613566133
1	8157457432059330247257025313356691297712110511594663386700363019911973038056491
1	11539817830718076935144084589626538908958595357865621376307830613534008072687991
1	15718027734943587549592804872077527134616017815023863598764114111537700928230909
1	39991437654729887309723465560602315874149614947086032700652999195178202198391817
1	7560570302884257302335779558720835836903907303429200212063751091625731303131421
1	27456807942053355466377304713249351197177347575611306033284148701167122117978659
1	25069259425353063686692321694705929353944534742949453334737700988022154200047059
1	25666146554528136631613567449341784814752737951114916509374312916308396921511307
1	7958495055667639265616610061811406144109376108872842328488159043816556610642589
1	21885861403086007980445677669981366896300784299400316403342437370495534309926109
1	13330479218243295769907821853534105291383204982362010900217666398392736521525967
1	8157457432059330247257025313356691297712110511594663386700363019911974473006453
1	39195588149163123383161804554421175259738677336198748467804183290796542301680417
1	24472372296177990741771075940070073893136331534783990160101089059735916158471473
1	5570946538967347485931627043267984300876563276210989629941711330671592112286479
1	22880673285044462888647753927707792664314456313009421694403457250972602497544737
1	34420491115762539823791838517334331573273051670875043070711287864506609024884029
1	33226716857412393933949347008062620651656645254544116721438064007934124322222057
1	31833980222670557062466440247245624576437504435491369313952636175266228153194103
1	41583136665863415162846787572964597102971490168860601166350631003941513303517923
1	21885861403086007980445677669981366896300784299400316403342437370495534433262007
1	32430867351845630007387686001881480037245707643656832488589248103552472836936281
1	11340855454326385953503669338081253755355860955143800318095626637438593444561363
1	18503501004427261292558618393711519285054299453129358413734969776873498202113431
1	34420491115762539823791838517334331573273051670875043070711287864506611342197077
1	18702463380818952274199033645256804438657033855851179471947173752968911271555497
1	10743968325151313008582423583445398294547657746978337143459014709152354852044379
1	2586510893091982761325398270088706996835547235383673756758651689240384596462471
1	26859920812878282521456058958613495736369144367445842858647536772880883914385777
1	39394550525554814364802219805966460413341411738920569526016387266891958566940001
1	30242281211537029209343118234883343347615629213716800848255004366502919200697993
1	26859920812878282521456058958613495736369144367445842858647536772880879074561649
1	27456807942053355466377304713249351197177347575611306033284148701167122121259103
1	10147081195976240063661177828809542833739454538812873968822402780866114255136661
1	11340855454326385953503669338081253755355860955143800318095626637438594499205841
1	32828792104629011970668516504972050344451176449100474605013656055743300334768223
1	8157457432059330247257025313356691297712110511594663386700363019911972248893637
1	19896237639169098164041525154528515360273440272182105821220397609541397091201993
1	9550194066801167118739932074173687372931251330647410794185790852579872795667379
1	11539817830718076935144084589626538908958595357865621376307830613534011900309889
1	28053695071228428411298550467885206657985550783776769207920760629453361926001683
1	32430867351845630007387686001881480037245707643656832488589248103552469263840023
1	13131516841851604788267406601988820137780470579640189842005462422297321779872703
1	12534629712676531843346160847352964676972267371474726667368850494011079431858569
1	7759532679275948283976194810266120990506641706151021270275955067721148684793287
1	32032942599062248044106855498790909730040238838213190372164840151361641437331337
1	11141893077934694971863254086535968601753126552421979259883422661343183504936561
1	41384174289471724181206372321419311949368755766138780108138427027846094656075131
1	18304538628035570310918203142166234131451565050407537355522765800778082391279059
1	9749156443192858100380347325718972526533985733369231852397994828675287610956233
1	38399738643596359456600143548240034645327739725311464234955367386414885888361571
1	10942930701543003990222838834990683448150392149700158201671218685247769230233741
1	29645394082361956264421872480247487886807426005551337673618392438216678663173327
1	26660958436486591539815643707068210582766409964724021800435332796785469436417489
1	28252657447620119392938965719430491811588285186498590266132964605548780719190309
1	12335667336284840861705745595807679523369532968752905609156646517915665522015587
1	20294162391952480127322355657619085667478909077625747937644805561732220793938987
1	20891049521127553072243601412254941128287112285791211112281417490018466603454583
1	40787287160296651236285126566783456488560552557973316933501815099559857840490909
1	12534629712676531843346160847352964676972267371474726667368850494011081548225237
1	6565758420925802394133703300994410068890235289820094921002731211148663195296253
1	34420491115762539823791838517334331573273051670875043070711287864506610667807559
1	40190400031121578291363880812147601027752349349807853758865203171273611926075253
1	8356419808451021228897440564901976451314844914316484444912566996007390416150111
1	26461996060094900558175228455522925429163675562002200742223128820690052717780317
1	30640205964320411172623948737973913654821098019160442964679412318693748219817901
1	795849505566763926561661006181140614410937610887284232848815904381656178167513
1	14723215852985132641390728614351101366602345801414758307703094231060633582484301
1	4974059409792274541010381288632128840068360068045526455305099402385352282452609
1	15916990111335278531233220123622812288218752217745684656976318087633118259578187
1	13728403971026677733188652356624675598588673787805653016642074350583563071381141
1	12534629712676531843346160847352964676972267371474726667368850494011080881907109
1	16911801993293733439435296381349238056232424231354789948037337968110184314106991
1	18702463380818952274199033645256804438657033855851179471947173752968908745012877
1	38200776267204668474959728296694749491725005322589643176743163410319476013108133
