sieve choosen 193
number of total trys 3351
2.984183825723665% Erfolgsquote 
1	7162645550100875339054949055630265529698438497985558095639343139434904463545823
1	38200776267204668474959728296694749491725005322589643176743163410319472297320139
1	23676522790611226815209414933888933278725393923896705927252273155354258059977261
1	24671334672569681723411491191615359046739065937505811218313293035831326506982007
1	13131516841851604788267406601988820137780470579640189842005462422297321343309343
1	27854732694836737429658135216339921504382816381054948149708556653357949400546841
1	12932554465459913806626991350443534984177736176918368783793258446201906761174931
1	5173021786183965522650796540177413993671094470767347513517303378480764379734573
1	26859920812878282521456058958613495736369144367445842858647536772880881686408071
1	596887129175072944921245754635855460808203208165463174636611928286245937446017
1	1989623763916909816404152515452851536027344027218210582122039760954143380705613
1	10942930701543003990222838834990683448150392149700158201671218685247769877871909
1	27655770318445046448017719964794636350780081978333127091496352677262535035144879
1	33425679233804084915589762259607905805259379657265937779650267984029541122810973
1	21885861403086007980445677669981366896300784299400316403342437370495531422597613
1	30839168340712102154264363989519198808423832421882264022891616294789159894224297
1	17110764369685424421075711632894523209835158634076611006249541944205601725504391
1	35813227750504376695274745278151327648492192489927790478196715697174507657419321
1	12335667336284840861705745595807679523369532968752905609156646517915664444823339
1	21885861403086007980445677669981366896300784299400316403342437370495530353301919
1	40986249536688342217925541818328741642163286960695137991714019075655268154540093
1	36211152503287758658555575781241897955697661295371432594621123649365333713330867
1	37007002008854522585117236787423038570108598906258716827469939553746992054226823
1	29048506953186883319500626725611632425999222797385874498981780509930435739185909
1	20095200015560789145681940406073800513876174674903926879432601585636805161099661
1	10346043572367931045301593080354827987342188941534695027034606756961528435012283
1	14723215852985132641390728614351101366602345801414758307703094231060630531289173
1	31436055469887175099185609744155054269232035630047727197528228223075399339467487
1	23875485167002917796849830185434218432328128326618526985464477131449673413289017
1	15718027734943587549592804872077527134616017815023863598764114111537700400638003
1	26660958436486591539815643707068210582766409964724021800435332796785465858599401
1	10147081195976240063661177828809542833739454538812873968822402780866111031219561
1	23875485167002917796849830185434218432328128326618526985464477131449671263285413
1	8555382184842712210537855816447261604917579317038305503124770972102802295479669
1	32231904975453939025747270750336194883642973240935011430377044127457054663913153
1	32430867351845630007387686001881480037245707643656832488589248103552469417539663
1	29844356458753647246062287731792773040410160408273158731830596414312089361204849
1	8157457432059330247257025313356691297712110511594663386700363019911971480067043
1	13529441594634986751548237105079390444985939385083831958429870374488148700133271
1	35813227750504376695274745278151327648492192489927790478196715697174505821427497
1	16513877240510351476154465878258667749026955425911147831612930015919359669570357
1	33425679233804084915589762259607905805259379657265937779650267984029538121458919
1	33823603986587466878870592762698476112464848462709579896074675936220367367770987
1	18503501004427261292558618393711519285054299453129358413734969776873496301960619
1	31038130717103793135904779241064483962026566824604085081103820270884572509317231
1	20294162391952480127322355657619085667478909077625747937644805561732220130050343
1	5769908915359038467572042294813269454479297678932810688153915306767006472629467
1	12136704959893149880065330344262394369766798566031084550944442541820250999825919
1	40389362407513269273004296063692886181355083752529674817077407147369028532124059
1	13927366347418368714829067608169960752191408190527474074854278326678978555532377
1	18105576251643879329277787890620948977848830647685716297310561824682668476711443
1	30043318835145338227702702983338058194012894810994979790042800390407504635858131
1	41782099042255106144487202824509882256574224571582422224562834980036925908941031
1	7958495055667639265616610061811406144109376108872842328488159043816556958171099
1	4974059409792274541010381288632128840068360068045526455305099402385352458737817
1	2984435645875364724606228773179277304041016040827315873183059641431212801493059
1	16314914864118660494514050626713382595424221023189326773400726039823945186001711
1	16712839616902042457794881129803952902629689828632968889825133992014772248426231
1	33027754481020702952308931756517335498053910851822295663225860031838709696964479
1	34818415868545921787072669020424901880478520476318685187135695816697437592976377
1	36012190126896067676915160529696612802094926892649611536408919673269922994206051
1	7162645550100875339054949055630265529698438497985558095639343139434904458339957
1	19498312886385716200760694651437945053067971466738463704795989657350568028955497
1	29844356458753647246062287731792773040410160408273158731830596414312092759550821
1	9550194066801167118739932074173687372931251330647410794185790852579871858110937
1	6764720797317493375774118552539695222492969692541915979214935187244076638736943
1	9152269314017785155459101571083117065725782525203768677761382900389043135148709
1	31833980222670557062466440247245624576437504435491369313952636175266230508487729
1	3382360398658746687887059276269847611246484846270957989607467593622038392144477
1	19697275262777407182401109902983230206670705869460284763008193633445979143407643
1	6565758420925802394133703300994410068890235289820094921002731211148663848746063
1	22681710908652771907007338676162507510711721910287600636191253274877191223810803
1	5769908915359038467572042294813269454479297678932810688153915306767005978080301
1	10743968325151313008582423583445398294547657746978337143459014709152353951249029
1	17707651498860497365996957387530378670643361842242074180886153872491841723274597
1	7361607926492566320695364307175550683301172900707379153851547115530319843442677
1	2984435645875364724606228773179277304041016040827315873183059641431214080104279
1	11141893077934694971863254086535968601753126552421979259883422661343184413346489
1	33027754481020702952308931756517335498053910851822295663225860031838710300429027
1	12335667336284840861705745595807679523369532968752905609156646517915663383169673
1	16513877240510351476154465878258667749026955425911147831612930015919359370746339
1	30441243587928720190983533486428628501218363616438621906467208342598332591799103
1	20294162391952480127322355657619085667478909077625747937644805561732223026568529
1	29048506953186883319500626725611632425999222797385874498981780509930432093215057
1	5570946538967347485931627043267984300876563276210989629941711330671593255658433
1	40986249536688342217925541818328741642163286960695137991714019075655266727566099
1	198962376391690981640415251545285153602734402721821058212203976095418730935287
1	8157457432059330247257025313356691297712110511594663386700363019911974096317541
1	38200776267204668474959728296694749491725005322589643176743163410319474971641899
1	39792475278338196328083050309057030720546880544364211642440795219082786264033131
1	26263033683703209576534813203977640275560941159280379684010924844594638114570093
1	30640205964320411172623948737973913654821098019160442964679412318693748269378081
1	4377172280617201596089135533996273379260156859880063280668487474099107177321299
1	2387548516700291779684983018543421843232812832661852698546447713144969705716083
1	13529441594634986751548237105079390444985939385083831958429870374488149673234649
1	38399738643596359456600143548240034645327739725311464234955367386414885275201853
1	20294162391952480127322355657619085667478909077625747937644805561732221452235983
1	32629829728237320989028101253426765190848442046378653546801452079647884581479197
1	39991437654729887309723465560602315874149614947086032700652999195178199779473469
1	7361607926492566320695364307175550683301172900707379153851547115530320109227623
