sieve choosen 571
number of total trys 7570
1.321003963011889% Erfolgsquote 
1	19432555397390284836783029900433010546510053649866369146193453950185908925496724543826260274639920312977143196534762904455616810144661544810485707409809123744785486218473518518913053817426984300088495253344897599114424932797655142520913
1	27573220496297025781921866750614406856534535584269848112842063037425951853745352393266990930232319363008108589677704121187023852232290029798662152405810243151384811526212424925484738524727477723098540562178570917662359701942613438433109
1	12342298698342478207145978450275020211972601642482693917176923454847807020247919642700462606865895333917915273474781844721810676713501251433686868219743632648715106111733180680931263911068490028434584823070407934572675295155265363928463
1	25997607896508624308669188650579297893303990693740142506393945149573040319245617970794591448504758256550502384553263885690622489247587742381595743696906800685591393724714572072599896323314478996064338244339795436653082004688750773339137
1	8665869298836208102889729550193099297767996897913380835464648383191013439748539323598197149501586085516834128184421295230207496415862580793865247898968933561863797908238190690866632107771492998688112748113265145551027334896254462504477
1	10241481898624609576142407650228208260998541788443086441912766271043924974248273746070596631229147191974440333308861530726608859400564868210931656607872376027657215709736043543751474309184491725722315065952040626560305032150117117890277
1	11554492398448277470519639400257465730357329197217841113952864510921351252998052431464262866002114780689112170912561726973609995221150107725153663865291911415818397210984254254488842810361990664917483664151020194068036446528337714824841
1	35451283495239033148185257250789951672687260036918376145082652476690509526244024505628988338870124895296139615299905298669030667155801466883994195950327455480351900533701689189908949531792471358269552151372448322708748188211933365852373
1	1050408399858934315501785400023405975487029927019803737632078591901941022999822948314932987818374070971737470082960156997600908656468191611377605805935628310528945200998568568589894800941999151356134878559183654006185131502578185663949
1	54621236792664584406092840801217110725325556205029794356868086778900933195990793312376515366555451690530348444313928163875247250136345963791635501908652672147505150451925565566674529648983955870519013685077550008321626838133940546957259
1	19432555397390284836783029900433010546510053649866369146193453950185908925496724543826260274639920312977143196534762904455616810144661544810485707409809123744785486218473518518913053817426984300088495253344897599114424932797653607158929
1	525204199929467157750892700011702987743514963509901868816039295950970511499911474157466493909187035485868735041480078498800454328234095805688802902967814155264472600499284284294947400470999575678067439279591827003092565751290444693477
1	13392707098201412522647763850298426187459631569502497654809002046749748043247742591015395594684269404889652743557742001719411585369969443045064474025679260959244051312731749249521158712010489179790719701629591588578860426657845242079571
1	12342298698342478207145978450275020211972601642482693917176923454847807020247919642700462606865895333917915273474781844721810676713501251433686868219743632648715106111733180680931263911068490028434584823070407934572675295155268964566839
1	46480571693757843460954003951035714415301074270626315390219477691660890267742165462935784710963052640499383051170986947143840208048717478803459056912651552740905825144186659160102844941683462447508968376243876689773692068988978526859307
1	46217969593793109882078557601029862921429316788871364455811458043685405011992209725857051464008459122756448683650246907894439980884600430900614655461167645663273588843937017017955371241447962659669934656604080776272145786113334679029993
1	51207409493123047880712038251141041304992708942215432209563831355219624871241368730352983156145735959872201666544307653633044297002824341054658283039361880138286078548680217718757371545922458628611575329760203132801525160750569278614383
1	13655309198166146101523210200304277681331389051257448589217021694725233298997698328094128841638862922632587111078482040968811812534086490947908875477163168036876287612981391391668632412245988967629753421269387502080406709533485948939193
1	29936639395979627991800883900667070301380352920064406522514239869205319155494954026975590152823661022694517897364364474431625896709343460924261765469165406850074938228459204204812001826846975813649844038936734139176276247823413478163257
1	38865110794780569673566059800866021093020107299732738292386907900371817850993449087652520549279840625954286393069525808911233620289323089620971414819618247489570972436947037037826107634853968600176990506689795198228849865595306140820437
1	23108984796896554941039278800514931460714658394435682227905729021842702505996104862928525732004229561378224341825123453947219990442300215450307327730583822831636794421968508508977685620723981329834967328302040388136072893056668512366849
1	31249649895803295886178115650696327770739140328839161194554338109082745434244732712369256387596628611409189734968064670678627032529928700438483772726584942238236119729707414915549370328024474752845012637135713706684007662201631710438139
1	40440723394568971146818737900901130056250652190262443898835025788224729385493183510124920031007401732411892598193966044407634983274025377038037823528521689955364390238444889890710949836266967327211192824528570679238127562849170281512931
1	35451283495239033148185257250789951672687260036918376145082652476690509526244024505628988338870124895296139615299905298669030667155801466883994195950327455480351900533701689189908949531792471358269552151372448322708748188211935075129633
1	44904959093969441987701325851000605452070529380096609783771359803807978733242431040463385229235491534041776846046546711647438845064015191386392648203748110275112407342688806307218002740270463720474766058405101208764414371735115054529523
1	21533372197108153467786600700479822497484113503905976621457611133989790971496370440456126250276668454920618136700683218450818627457597928033240919021680380365843376620470655656092843419310982602800765010463264907126795195802806133957597
1	3939031499471003683131695250087772408076362226324264016120294719632278836249336056180998704318902766144015512811100588741003407461755718542666021772258606164483544503744632132212105503532496817585505794596938702523194243134660454038137
1	13655309198166146101523210200304277681331389051257448589217021694725233298997698328094128841638862922632587111078482040968811812534086490947908875477163168036876287612981391391668632412245988967629753421269387502080406709533487054496637
1	52257817892981982196213823651164447280479738869235235947195909947121565894241191678667916143964110030843939136627267810630645205659292532666035888845297508448815023749678786287347266346864457779967710208319386786807710292253145120257857
1	44117152794075241251074986800983050970455256934831756980547300859881522965992563829227185488371710980812973743484326593899238163571664047677859443849296389042215698441939879880775581639563964356957664899485713468259775523108184783904089
1	24947199496649689993167403250555891917816960766720338768761866557671099296245795022479658460686384185578764914470303728693021580591119550770218137890971172375062448523716003504010001522372479844708203365780611782646896873186177784429573
1	34663477195344832411558918200772397191071987591653523341858593532764053758994157294392788598006344342067336512737685180920829985663450323175460991595875734247455191632952762763466528431085971994752450992453060582204109339585002830880073
1	32825262495591697359430793750731436733969685219368866801002455996935656968744467134841655869324189717866795940092504906175028395514630987855550181435488384704029537531205267768434212529437473479879214954974489187693285359455497721194563
1	4201633599435737262007141600093623901948119708079214950528314367607764091999291793259731951273496283886949880331840627990403634625872766445510423223742513242115780803994274274359579203767996605424539514236734616024740526010305380268619
1	11554492398448277470519639400257465730357329197217841113952864510921351252998052431464262866002114780689112170912561726973609995221150107725153663865291911415818397210984254254488842810361990664917483664151020194068036446528337299021061
1	25472403696579157150918295950567594905560475730230240637577905853622069807745706496637124954595571221064633649511783807191822034919353646575906940793938986530326921124215287788304948922843479420386270805060203609649989438937466628508841
1	8665869298836208102889729550193099297767996897913380835464648383191013439748539323598197149501586085516834128184421295230207496415862580793865247898968933561863797908238190690866632107771492998688112748113265145551027334896252347027653
1	44379754894039974829950433150988902464327014416586707914955320507857008221742519566305918735326304498555908111005066633148638390735781095580703845300780296119847934742189522022923055339799464144796698619125509381761321805983828249515979
1	40965927594498438304569630600912833043994167153772345767651065084175699896993094984282386524916588767897761333235446122906435437602259472843726626431489504110628862838944174175005897236737966902889260263808162506241220128600459624546951
1	6827654599083073050761605100152138840665694525628724294608510847362616649498849164047064420819431461316293555539241020484405906267043245473954437738581584018438143806490695695834316206122994483814876710634693751040203354766746516468801
1	35976487695168500305936149950801654660430775000428278013898691772641480037743935979786454832779311930782008350341385377167831121484035562689682998853295269635616373134200973474203896932263470933947619590652040149711840753963222421605437
1	7090256699047806629637051450157990334537452007383675229016530495338101905248804901125797667774024979059227923059981059733806133431160293376798839190065491096070380106740337837981789906358494271653910430274489664541749637642388668165459
1	15756125997884014732526781000351089632305448905297056064481178878529115344997344224723994817275611064576062051244402354964013629847022874170664087089034424657934178014978528528848422014129987270342023178387754810092776972538640629102287
1	39127712894745303252441506150871872586891864781487689226794927548347303106743404824731253796234434143697220760590265848160633847453440137523815816271102154567203208737196679179973581335089468388016024226329591111730396148470949602107409
1	19169953297425551257907583550427159052638296168111418211785434302210423669746768806747527027685326795234208829014022865206216582980544496907641305958325216667153249918223876376765580117191484512249461533705101685612878649922009638276189
1	52257817892981982196213823651164447280479738869235235947195909947121565894241191678667916143964110030843939136627267810630645205659292532666035888845297508448815023749678786287347266346864457779967710208319386786807710292253147960969647
1	23896791096790755677665617850532485942329930839700535031129787965769158273245972074164725472868010114607027444387343571695420671934651359158840532085035544064533503322717434935420106721430480693352068487221428128640711741683604024426527
1	52783022092911449353964716351176150268223253832745137816011949243072536405741103152825382637873297066329807871668747889129445659987526628471724691748265322604079496350178070571642213747335457355645777647598978613810802858004435826885897
1	21270770097143419888911154350473971003612356022151025687049591486014305715746414703377393003322074937177683769179943179201418400293480880130396517570196473288211140320221013513945369719075482814961731290823468993625248912927159060890251
1	26785414196402825045295527700596852374919263139004995309618004093499496086495485182030791189368538809779305487115484003438823170739938886090128948051358521918488102625463498499042317424020978359581439403259183177157720853315682571807517
1	28623628896155960097423652150637812832021565511289651850474141629327892876745175341581923918050693433979846059760664278184624760888758221410039758211745871461913756727210993494074633325669476874454675440737754571668544833445192839405799
1	34926079295309565990434364550778248684943745073408474276266613180739539014744113031471521844960937859810270880258425220170230212827567371078305393047359641325087427933202404905614002131321471782591484712092856495705655622460648428670513
1	46480571693757843460954003951035714415301074270626315390219477691660890267742165462935784710963052640499383051170986947143840208048717478803459056912651552740905825144186659160102844941683462447508968376243876689773692068988977506108163
1	29936639395979627991800883900667070301380352920064406522514239869205319155494954026975590152823661022694517897364364474431625896709343460924261765469165406850074938228459204204812001826846975813649844038936734139176276247823411968113213
1	47268377993652044197580343001053268896916346715891168193443536635587346034992032674171984451826833193728186153733207064892040889541068622511992261267103273973802534044935585586545266042389961811026069535163264430278330917615914000511541
1	13655309198166146101523210200304277681331389051257448589217021694725233298997698328094128841638862922632587111078482040968811812534086490947908875477163168036876287612981391391668632412245988967629753421269387502080406709533488691988041
1	21795974297072887046662047050485673991355870985660927555865630781965276227246326177534859497231261972663552504221423257700218854621714975936085320473164287443475612920720297798240317119546482390639798730103060820628341478678447854404749
1	54358634692699850827217394451211259231453798723274843422460067130925447940240837575297782119600858172787414076793188124625847022972228915888791100457168765069872914151675923424527055948748456082679979965437754094820080555258299425417543
1	5252041999294671577508927000117029877435149635099018688160392959509705114999114741574664939091870354858687350414800784988004543282340958056888029029678141552644726004992842842949474004709995756780674392795918270030925657512884062263387
1	38602508694815836094690613450860169599148349817977787357978888252396332595243493350573787302325247108211352025548785769661833393125206041718127013368134340411938736136697394895678633934618468812337956787049999284727303582719660520795731
1	54358634692699850827217394451211259231453798723274843422460067130925447940240837575297782119600858172787414076793188124625847022972228915888791100457168765069872914151675923424527055948748456082679979965437754094820080555258295151540877
1	9191073498765675260640622250204802285511511861423282704280687679141983951248450797755663643410773121002702863225901373729007950744096676599554050801936747717128270508737474975161579508242492574366180187392856972554119900647540090826621
1	4464235699400470840882587950099475395819877189834165884936334015583249347749247530338465198228089801629884247852580667239803861789989814348354824675226420319748017104243916416507052904003496393263573233876530529526286808885949305606769
1	19432555397390284836783029900433010546510053649866369146193453950185908925496724543826260274639920312977143196534762904455616810144661544810485707409809123744785486218473518518913053817426984300088495253344897599114424932797655196527671
1	787806299894200736626339050017554481615272445264852803224058943926455767249867211236199740863780553228803102562220117748200681492351143708533204354451721232896708900748926426442421100706499363517101158919387740504638848626936985735569
1	28886230996120693676299098500643664325893322993044602784882161277303378132495131078660657165005286951722780427281404317434024988052875269312884159663229778539545993027460635636222107025904976662293709160377550485170091116320835017509999
1	42804142294251573356697755050953793501096469526057002308507202620004096687242785143833519253598743392098301905880626397652237027751078808163637436591876853654054516940691669170038213138386465417762496301286733900752044108729964663808279
1	23634188996826022098790171500526634448458173357945584096721768317793673017496016337085992225913416596864093076866603532446020444770534311255996130633551636986901267022467792793272633021194980905513034767581632215139165458807958119736273
1	39652917094674770410192398850883575574635379744997591095610966844298273618243316298888720290143621179183089495631745926659434301781674233329504619174069968722467681337695963464268528735560467963694091665609182938733488714222238976441709
1	12867502898271945364896871150286723199716116605992595785992962750798777531747831116857929100775082369403784008516261923220611131041735347239375671122711446803979578712232464965226211311539489604112652262349999761575767860906555302369679
1	37552100294956901779188828050836763623661319890957983620346809660494391572243670402258854314506873037239614555465825612664232484468737850106749407562198712101409790935698826327088739133676469660981821908490815630721118451217087018557569
1	8140665098906740945138836850181396310024481934403478966648609087240042928248627849440730655592399050030965393142941216731407042087628484988176444996001119406599325307738906406571684707300493423010045308833673318547934769144964513706139
1	50944807393158314301836591901135189811120951460460481275155811707244139615491412993274249909191142442129267299023567614383644069838707293151813881587877973060653842248430575576609897845686958840772541610120407219299978877874927158034721
1	39127712894745303252441506150871872586891864781487689226794927548347303106743404824731253796234434143697220760590265848160633847453440137523815816271102154567203208737196679179973581335089468388016024226329591111730396148470947073621603
1	43329346494181040514448647750965496488839984489566904177323241915955067198742696617990985747507930427584170640922106476151037482079312903969326239494844667809318989541190953454333160538857464993440563740566325727755136674481250316365767
1	25735005796543890729793742300573446399432233211985191571985925501597555063495662233715858201550164738807568017032523846441222262083470694478751342245422893607959157424464929930452422623078979208225304524699999523151535721813109650574473
1	9191073498765675260640622250204802285511511861423282704280687679141983951248450797755663643410773121002702863225901373729007950744096676599554050801936747717128270508737474975161579508242492574366180187392856972554119900647543807218143
1	8403267198871474524014283200187247803896239416158429901056628735215528183998583586519463902546992567773899760663681255980807269251745532891020846447485026484231561607988548548719158407535993210849079028473469232049481052020608297930293
1	4726837799365204419758034300105326889691634671589116819344353663558734603499203267417198445182683319372818615373320706489204088954106862251199226126710327397380253404493558558654526604238996181102606953516326443027833091761591927544659
1	14180513398095613259274102900315980669074904014767350458033060990676203810497609802251595335548049958118455846119962119467612266862320586753597678380130982192140760213480675675963579812716988543307820860548979329083499275284774805611547
1	42541540194286839777822308700947942007224712044302051374099182972028611431492829406754786006644149874355367538359886358402836800586961760260793035140392946576422280640442027027890739438150965629923462581646937987250497825854321738786429
1	41753733894392639041195969650930387525609439599037198570875124028102155664242962195518586265780369321126564435797666240654636119094610616552259830785941225343525571739693100601448318337444466266406361422727550246745858977227390663314333
1	46480571693757843460954003951035714415301074270626315390219477691660890267742165462935784710963052640499383051170986947143840208048717478803459056912651552740905825144186659160102844941683462447508968376243876689773692068988976566069809
1	1313010499823667894377231750029257469358787408774754672040098239877426278749778685393666234772967588714671837603700196247001135820585239514222007257419535388161181501248210710737368501177498939195168598198979567507731414378222234588777
1	46743173793722577039829450301041565909172831752381266324627497339636375523492121200014517957917646158242317418691726986393240435212834526706303458364135459818538061444436301302250318641918962235348002095883672603275238351864621436027207
1	40440723394568971146818737900901130056250652190262443898835025788224729385493183510124920031007401732411892598193966044407634983274025377038037823528521689955364390238444889890710949836266967327211192824528570679238127562849171757082371
1	53045624192876182932840162701182001762095011314500088750419968891048021661491058889904115884827890584072742239189487928378845887151643676374569093199749229681711732650427712713789687447570957143484811367238774527312349140880080516091831
1	32825262495591697359430793750731436733969685219368866801002455996935656968744467134841655869324189717866795940092504906175028395514630987855550181435488384704029537531205267768434212529437473479879214954974489187693285359455496240678773
1	48056184293546244934206682051070823378531619161156020996667595579513801802241899885408184192690613746956989256295427182640241571033419766220525465621554995206699242945684512012987687143096461174543170694082652170782969766242842197437413
1	46217969593793109882078557601029862921429316788871364455811458043685405011992209725857051464008459122756448683650246907894439980884600430900614655461167645663273588843937017017955371241447962659669934656604080776272145786113333252500529
1	9978879798659875997266961300222356767126784306688135507504746623068439718498318008991863384274553674231505965788121491477208632236447820308087255156388468950024979409486401401604000608948991937883281346312244713058758749274474844885887
1	47268377993652044197580343001053268896916346715891168193443536635587346034992032674171984451826833193728186153733207064892040889541068622511992261267103273973802534044935585586545266042389961811026069535163264430278330917615911975944171
1	8665869298836208102889729550193099297767996897913380835464648383191013439748539323598197149501586085516834128184421295230207496415862580793865247898968933561863797908238190690866632107771492998688112748113265145551027334896253450431347
1	45430163293898909145452218551012308439814044343606511652587399099758949244742342514620851723144678569527645581088026790146239299392249287192081451106715924430376879943188090591512950140741463296152833497684693035767506937486405722372223
1	262602099964733578875446350005851493871757481754950934408019647975485255749955737078733246954593517742934367520740039249400227164117047902844401451483907077632236300249642142147473700235499787839033719639795913501546282875649119309651
1	53570828392805650090591055401193704749838526278009990619236008186998992172990970364061582378737077619558610974230968006877646341479877772180257896102717043836976205250926996998084634848041956719162878806518366354315441706631366354757233
1	21270770097143419888911154350473971003612356022151025687049591486014305715746414703377393003322074937177683769179943179201418400293480880130396517570196473288211140320221013513945369719075482814961731290823468993625248912927161024961199
1	8140665098906740945138836850181396310024481934403478966648609087240042928248627849440730655592399050030965393142941216731407042087628484988176444996001119406599325307738906406571684707300493423010045308833673318547934769144963371818331
1	38077304494886368936939720750848466611404834854467885489162848956445362083743581876416320808416060072725483290507305691163032938796971945912438210465166526256674263536198110611383686534147469236659889347770407457724211016968375382624027
1	32825262495591697359430793750731436733969685219368866801002455996935656968744467134841655869324189717866795940092504906175028395514630987855550181435488384704029537531205267768434212529437473479879214954974489187693285359455495310327611
