sieve choosen 571
number of total trys 8525
1.1730205278592376% Erfolgsquote 
1	1313010499823667894377231750029257469358787408774754672040098239877426278749778685393666234772967588714671837603700196247001135820585239514222007257419535388161181501248210710737368501177498939195168598198979567507731414378223805435439
1	45167561193934175566576772201006456945942286861851560718179379451783463988992386777542118476190085051784711213567286750896839072228132239289237049655232017352744643642938448449365476440505963508313799778044897122265960654610760046782147
1	40440723394568971146818737900901130056250652190262443898835025788224729385493183510124920031007401732411892598193966044407634983274025377038037823528521689955364390238444889890710949836266967327211192824528570679238127562849168046015893
1	28098424696226492939672759450626109844278050547779749981658102333376922365245263867424457424141506398493977324719184199685824306560524125604350955308778057306649284126711709209779685925198477298776608001458162744665452267693905035801051
1	33613068795485898096057132800748991215584957664633719604226514940862112735994334346077855610187970271095599042654725023923229077006982131564083385789940105936926246431954194194876633630143972843396316113893876928197924208082428759722603
1	11029288198518810312768746700245762742613814233707939245136825214970380741498140957306796372092927745203243435871081648474809540892916011919464860962324097260553924610484969970193895409890991089239416224871428367064943880777047776961039
1	33087864595556430938306240100737288227841442701123817735410475644911142224494422871920389116278783235609730307613244945424428622678748035758394582886972291781661773831454909910581686229672973267718248674614285101194831642331139160842219
1	46217969593793109882078557601029862921429316788871364455811458043685405011992209725857051464008459122756448683650246907894439980884600430900614655461167645663273588843937017017955371241447962659669934656604080776272145786113334562697307
1	17069136497707682626904012750380347101664236314071810736521277118406541623747122910117661052048578653290733888848102551211014765667608113684886094346453960046095359516226739239585790515307486209537191776586734377600508386916859285285797
1	16281330197813481890277673700362792620048963868806957933297218174480085856497255698881461311184798100061930786285882433462814084175256969976352889992002238813198650615477812813143369414600986846020090617667346637095869538289927571351587
1	40703325494533704725694184250906981550122409672017394833243045436200214641243139247203653277961995250154826965714706083657035210438142424940882224980005597032996626538694532032858423536502467115050226544168366592739673845724815696403753
1	43329346494181040514448647750965496488839984489566904177323241915955067198742696617990985747507930427584170640922106476151037482079312903969326239494844667809318989541190953454333160538857464993440563740566325727755136674481254031464419
1	22058576397037620625537493400491525485227628467415878490273650429940761482996281914613592744185855490406486871742163296949619081785832023838929721924648194521107849220969939940387790819781982178478832449742856734129887761554091466557007
1	30199241495944361570676330250672921795252110401819357456922259517180804411244909764054323399778254540437452264885104513681026123873460508827106166920649313927707174528708846346959475527082475601488877758576530052677822530699053373996187
1	20482963797249219152284815300456416521997083576886172883825532542087849948496547492141193262458294383948880666617723061453217718801129736421863313215744752055314431419472087087502948618368983451444630131904081253120610064300230486467559
1	43329346494181040514448647750965496488839984489566904177323241915955067198742696617990985747507930427584170640922106476151037482079312903969326239494844667809318989541190953454333160538857464993440563740566325727755136674481254030595499
1	52783022092911449353964716351176150268223253832745137816011949243072536405741103152825382637873297066329807871668747889129445659987526628471724691748265322604079496350178070571642213747335457355645777647598978613810802858004431882265103
1	16018728097848748311402227350356941126177206387052006998889198526504600600747299961802728064230204582318996418765142394213413857011139922073508488540518331735566414315228170670995895714365487058181056898027550723594323255414282335998647
1	46743173793722577039829450301041565909172831752381266324627497339636375523492121200014517957917646158242317418691726986393240435212834526706303458364135459818538061444436301302250318641918962235348002095883672603275238351864623644700589
1	53833430492770383669466501751199556243710283759764941553644027834974477428740926101140315625691671137301545341751708046127046568643994820083102297554200950914608441551176639140232108548277456507001912526158162267816987989507009896565517
1	22583780596967087783288386100503228472971143430925780359089689725891731994496193388771059238095042525892355606783643375448419536114066119644618524827616008676372321821469224224682738220252981754156899889022448561132980327305379650234113
1	16806534397742949048028566400374495607792478832316859802113257470431056367997167173038927805093985135547799521327362511961614538503491065782041692894970052968463123215977097097438316815071986421698158056946938464098962104041215877482479
1	38077304494886368936939720750848466611404834854467885489162848956445362083743581876416320808416060072725483290507305691163032938796971945912438210465166526256674263536198110611383686534147469236659889347770407457724211016968372812725761
1	16281330197813481890277673700362792620048963868806957933297218174480085856497255698881461311184798100061930786285882433462814084175256969976352889992002238813198650615477812813143369414600986846020090617667346637095869538289926271271091
1	8928471398800941681765175900198950791639754379668331769872668031166498695498495060676930396456179603259768495705161334479607723579979628696709649350452840639496034208487832833014105808006992786527146467753061059052573617771897906594273
1	11291890298483543891644193050251614236485571715462890179544844862945865997248096694385529619047521262946177803391821687724209768057033059822309262413808004338186160910734612112341369110126490877078449944511224280566490163652693243132247
1	33087864595556430938306240100737288227841442701123817735410475644911142224494422871920389116278783235609730307613244945424428622678748035758394582886972291781661773831454909910581686229672973267718248674614285101194831642331136953654317
1	16281330197813481890277673700362792620048963868806957933297218174480085856497255698881461311184798100061930786285882433462814084175256969976352889992002238813198650615477812813143369414600986846020090617667346637095869538289927490851809
1	5514644099259405156384373350122881371306907116853969622568412607485190370749070478653398186046463872601621717935540824237404770446458005959732430481162048630276962305242484985096947704945495544619708112435714183532471940388523726132951
1	50157001093264113565210252851117635329505679015195628471931752763317683848241545782038050168327361888900464196461347496635443388346356149443280677233426251827757133347681649150167476744980459477255440451201019478795340029247996266021881
1	17069136497707682626904012750380347101664236314071810736521277118406541623747122910117661052048578653290733888848102551211014765667608113684886094346453960046095359516226739239585790515307486209537191776586734377600508386916858221303971
1	48318786393510978513082128401076674872403376642910971931075615227489287057991855622486917439645207264699923623816167221889641798197536814123369867073038902284331479245934154155135160843331960962382204413722448084284516049118487759035501
1	3676429399506270104256248900081920914204604744569313081712275071656793580499380319102265457364309248401081145290360549491603180297638670639821620320774699086851308203494989990064631803296997029746472074957142789021647960259018729719303
1	51995215793017248617338377301158595786607981387480285012787890299146080638491235941589182897009516513101004769106527771381244978495175484763191487393813601371182787449429144145199792646628957992128676488679590873306164009377501221795503
1	17331738597672416205779459100386198595535993795826761670929296766382026879497078647196394299003172171033668256368842590460414992831725161587730495797937867123727595816476381381733264215542985997376225496226530291102054669792504717396059
1	14180513398095613259274102900315980669074904014767350458033060990676203810497609802251595335548049958118455846119962119467612266862320586753597678380130982192140760213480675675963579812716988543307820860548979329083499275284773816596551
1	21795974297072887046662047050485673991355870985660927555865630781965276227246326177534859497231261972663552504221423257700218854621714975936085320473164287443475612920720297798240317119546482390639798730103060820628341478678447538991497
1	25472403696579157150918295950567594905560475730230240637577905853622069807745706496637124954595571221064633649511783807191822034919353646575906940793938986530326921124215287788304948922843479420386270805060203609649989438937464014277711
1	28623628896155960097423652150637812832021565511289651850474141629327892876745175341581923918050693433979846059760664278184624760888758221410039758211745871461913756727210993494074633325669476874454675440737754571668544833445192311921573
1	12604900798307211786021424800280871705844359124237644851584943102823292275997875379779195853820488851660849640995521883971210903877618299336531269671227539726347342411982822823078737611303989816273618542710203848074221578030912434357119
1	46217969593793109882078557601029862921429316788871364455811458043685405011992209725857051464008459122756448683650246907894439980884600430900614655461167645663273588843937017017955371241447962659669934656604080776272145786113334716890949
1	16543932297778215469153120050368644113920721350561908867705237822455571112247211435960194558139391617804865153806622472712214311339374017879197291443486145890830886915727454955290843114836486633859124337307142550597415821165571885956057
1	31249649895803295886178115650696327770739140328839161194554338109082745434244732712369256387596628611409189734968064670678627032529928700438483772726584942238236119729707414915549370328024474752845012637135713706684007662201631636434523
1	36764293995062701042562489000819209142046047445693130817122750716567935804993803191022654573643092484010811452903605494916031802976386706398216203207746990868513082034949899900646318032969970297464720749571427890216479602590156705686199
1	3676429399506270104256248900081920914204604744569313081712275071656793580499380319102265457364309248401081145290360549491603180297638670639821620320774699086851308203494989990064631803296997029746472074957142789021647960259015593599613
1	24159393196755489256541064200538337436201688321455485965537807613744643528995927811243458719822603632349961811908083610944820899098768407061684933536519451142165739622967077077567580421665980481191102206861224042142258024559247951665679
1	46480571693757843460954003951035714415301074270626315390219477691660890267742165462935784710963052640499383051170986947143840208048717478803459056912651552740905825144186659160102844941683462447508968376243876689773692068988976570926849
1	47005775893687310618704896651047417403044589234136217259035516987611860779242076937093251204872239675985251786212467025642640662376951574609147859815619366896170297744685943444397792342154462023187035815523468516776784634740266475236833
1	29411435196050160834049991200655367313636837956554504653698200573254348643995042552818123658914473987208649162322884395932825442381109365118572962566197592694810465627959919920517054426375976237971776599657142312173183682072124186692213
1	51732613693052515038462930951152744292736223905725334078379870651170595382741280204510449650054922995358070401585787732131844751331058436860347085942329694293550551149179502003052318946393458204289642769039794959804617726501860101220601
1	9453675598730408839516068600210653779383269343178233638688707327117469206998406534834396890365366638745637230746641412978408177908213724502398452253420654794760506808987117117309053208477992362205213907032652886055666183523184176696777
1	14180513398095613259274102900315980669074904014767350458033060990676203810497609802251595335548049958118455846119962119467612266862320586753597678380130982192140760213480675675963579812716988543307820860548979329083499275284777528672829
1	26522812096438091466420081350591000881047505657250044375209984445524010830745529444952057942413945292036371119594743964189422943575821838187284546599874614840855866325213856356894843723785478571742405683619387263656174570440040928352747
1	1313010499823667894377231750029257469358787408774754672040098239877426278749778685393666234772967588714671837603700196247001135820585239514222007257419535388161181501248210710737368501177498939195168598198979567507731414378222125574281
1	20482963797249219152284815300456416521997083576886172883825532542087849948496547492141193262458294383948880666617723061453217718801129736421863313215744752055314431419472087087502948618368983451444630131904081253120610064300230481788243
1	40178121294604237567943291550895278562378894708507492964427006140249244129743227773046186784052808214668958230673226005158234756109908329135193422077037782877732153938195247748563476136031467539372159104888774765736581279973525411548621
1	39390314994710036831316952500877724080763622263242640161202947196322788362493360561809987043189027661440155128111005887410034074617557185426660217722586061644835445037446321322121055035324968175855057945969387025231942431346591327561101
1	26785414196402825045295527700596852374919263139004995309618004093499496086495485182030791189368538809779305487115484003438823170739938886090128948051358521918488102625463498499042317424020978359581439403259183177157720853315686520492219
1	39127712894745303252441506150871872586891864781487689226794927548347303106743404824731253796234434143697220760590265848160633847453440137523815816271102154567203208737196679179973581335089468388016024226329591111730396148470947074077477
1	15230921797954547574775888300339386644561933941787154195665139582578144833497432750566528323366424029090193316202922276465213175518788778364975284186066610502669705414479244244553474613658987694663955739108162983089684406787349223803263
1	8665869298836208102889729550193099297767996897913380835464648383191013439748539323598197149501586085516834128184421295230207496415862580793865247898968933561863797908238190690866632107771492998688112748113265145551027334896253971108553
1	37552100294956901779188828050836763623661319890957983620346809660494391572243670402258854314506873037239614555465825612664232484468737850106749407562198712101409790935698826327088739133676469660981821908490815630721118451217088506075847
1	6302450399153605893010712400140435852922179562118822425792471551411646137998937689889597926910244425830424820497760941985605451938809149668265634835613769863173671205991411411539368805651994908136809271355101924037110789015454913628803
1	12604900798307211786021424800280871705844359124237644851584943102823292275997875379779195853820488851660849640995521883971210903877618299336531269671227539726347342411982822823078737611303989816273618542710203848074221578030914928643091
1	16806534397742949048028566400374495607792478832316859802113257470431056367997167173038927805093985135547799521327362511961614538503491065782041692894970052968463123215977097097438316815071986421698158056946938464098962104041215949299251
1	18119544897566616942405798150403753077151266241091614474153355710308482646746945858432594039866952724262471358931062708208615674324076305296263700152389588356624304717225307808175685316249485360893326655145918031606693518419435012478481
1	29674037296014894412925437550661218807508595438309455588106220221229833899744998289896856905869067504951583529843624435182225669545226413021417364017681499772442701928209562062664528126611476025810810319296938225674729964947769540537349
1	13392707098201412522647763850298426187459631569502497654809002046749748043247742591015395594684269404889652743557742001719411585369969443045064474025679260959244051312731749249521158712010489179790719701629591588578860426657844697438867
1	52257817892981982196213823651164447280479738869235235947195909947121565894241191678667916143964110030843939136627267810630645205659292532666035888845297508448815023749678786287347266346864457779967710208319386786807710292253145003394237
1	16281330197813481890277673700362792620048963868806957933297218174480085856497255698881461311184798100061930786285882433462814084175256969976352889992002238813198650615477812813143369414600986846020090617667346637095869538289924345915383
1	12604900798307211786021424800280871705844359124237644851584943102823292275997875379779195853820488851660849640995521883971210903877618299336531269671227539726347342411982822823078737611303989816273618542710203848074221578030912431377123
1	787806299894200736626339050017554481615272445264852803224058943926455767249867211236199740863780553228803102562220117748200681492351143708533204354451721232896708900748926426442421100706499363517101158919387740504638848626936070215627
1	2363418899682602209879017150052663444845817335794558409672176831779367301749601633708599222591341659686409307686660353244602044477053431125599613063355163698690126702246779279327263302119498090551303476758163221513916545880799597927161
1	47268377993652044197580343001053268896916346715891168193443536635587346034992032674171984451826833193728186153733207064892040889541068622511992261267103273973802534044935585586545266042389961811026069535163264430278330917615913015905559
1	17069136497707682626904012750380347101664236314071810736521277118406541623747122910117661052048578653290733888848102551211014765667608113684886094346453960046095359516226739239585790515307486209537191776586734377600508386916859366752577
1	23108984796896554941039278800514931460714658394435682227905729021842702505996104862928525732004229561378224341825123453947219990442300215450307327730583822831636794421968508508977685620723981329834967328302040388136072893056668625508049
1	30987047795838562307302669300690476276867382847084210260146318461107260178494776975290523140642035093666255367447324631429226805365811652535639371275101035160603883429457772773401896627788974965005978917495917793182461379325988230351979
1	43591948594145774093324094100971347982711741971321855111731261563930552454492652355069718994462523945327105008442846515400437709243429951872170640946328574886951225841440595596480634239092964781279597460206121641256682957356896981595753
1	21270770097143419888911154350473971003612356022151025687049591486014305715746414703377393003322074937177683769179943179201418400293480880130396517570196473288211140320221013513945369719075482814961731290823468993625248912927162796191991
1	55146440992594051563843733501228813713069071168539696225684126074851903707490704786533981860464638726016217179355408242374047704464580059597324304811620486302769623052424849850969477049454955446197081124357141835324719403885228255501371
1	44379754894039974829950433150988902464327014416586707914955320507857008221742519566305918735326304498555908111005066633148638390735781095580703845300780296119847934742189522022923055339799464144796698619125509381761321805983829987553593
1	36501691895097967463687042650813357648174289963938179882714731068592450549243847453943921326688498966267877085382865455666631575812269658495371801756263083790880845734700257758498844332734470509625687029931631976714933319714511789529441
1	3151225199576802946505356200070217926461089781059411212896235775705823068999468844944798963455122212915212410248880470992802725969404574834132817417806884931586835602995705705769684402825997454068404635677550962018555394507731395181479
1	42804142294251573356697755050953793501096469526057002308507202620004096687242785143833519253598743392098301905880626397652237027751078808163637436591876853654054516940691669170038213138386465417762496301286733900752044108729962124267383
1	1313010499823667894377231750029257469358787408774754672040098239877426278749778685393666234772967588714671837603700196247001135820585239514222007257419535388161181501248210710737368501177498939195168598198979567507731414378221126615183
1	30724445695873828728427222950684624782995625365329259325738298813131774922744821238211789893687441575923320999926584592179826578201694604632794969823617128082971647129208130631254422927553475177166945197856121879680915096450340626688789
1	52520419992946715775089270001170298774351496350990186881603929595097051149991147415746649390918703548586873504148007849880045432823409580568880290296781415526447260049928428429494740047099957567806743927959182700309256575128790684716043
1	25997607896508624308669188650579297893303990693740142506393945149573040319245617970794591448504758256550502384553263885690622489247587742381595743696906800685591393724714572072599896323314478996064338244339795436653082004688754719576761
1	39390314994710036831316952500877724080763622263242640161202947196322788362493360561809987043189027661440155128111005887410034074617557185426660217722586061644835445037446321322121055035324968175855057945969387025231942431346592475591453
1	14968319697989813995900441950333535150690176460032203261257119934602659577747477013487795076411830511347258948682182237215812948354671730462130882734582703425037469114229602102406000913423487906824922019468367069588138123911708346681093
1	40965927594498438304569630600912833043994167153772345767651065084175699896993094984282386524916588767897761333235446122906435437602259472843726626431489504110628862838944174175005897236737966902889260263808162506241220128600458632500781
1	12079696598377744628270532100269168718100844160727742982768903806872321764497963905621729359911301816174980905954041805472410449549384203530842466768259725571082869811483538538783790210832990240595551103430612021071129012279623463588233
1	52257817892981982196213823651164447280479738869235235947195909947121565894241191678667916143964110030843939136627267810630645205659292532666035888845297508448815023749678786287347266346864457779967710208319386786807710292253148714997287
1	41753733894392639041195969650930387525609439599037198570875124028102155664242962195518586265780369321126564435797666240654636119094610616552259830785941225343525571739693100601448318337444466266406361422727550246745858977227389009395201
1	6039848299188872314135266050134584359050422080363871491384451903436160882248981952810864679955650908087490452977020902736205224774692101765421233384129862785541434905741769269391895105416495120297775551715306010535564506139815632510261
1	36501691895097967463687042650813357648174289963938179882714731068592450549243847453943921326688498966267877085382865455666631575812269658495371801756263083790880845734700257758498844332734470509625687029931631976714933319714510280229719
1	52783022092911449353964716351176150268223253832745137816011949243072536405741103152825382637873297066329807871668747889129445659987526628471724691748265322604079496350178070571642213747335457355645777647598978613810802858004435823255799
1	47268377993652044197580343001053268896916346715891168193443536635587346034992032674171984451826833193728186153733207064892040889541068622511992261267103273973802534044935585586545266042389961811026069535163264430278330917615912030638437
1	45955367493828376303203111251024011427557559307116413521403438395709919756242253988778318217053865605013514316129506868645039753720483382997770254009683738585641352543687374875807897541212462871830900936964284862770599503237689639922459
1	2363418899682602209879017150052663444845817335794558409672176831779367301749601633708599222591341659686409307686660353244602044477053431125599613063355163698690126702246779279327263302119498090551303476758163221513916545880800576916699
