sieve choosen 571
number of total trys 9323
1.0726161106939827% Erfolgsquote 
1	20220361697284485573409368950450565028125326095131221949417512894112364692746591755062460015503700866205946299096983022203817491637012688519018911764260844977682195119222444945355474918133483663605596412264285339619063781424583939790477
1	53833430492770383669466501751199556243710283759764941553644027834974477428740926101140315625691671137301545341751708046127046568643994820083102297554200950914608441551176639140232108548277456507001912526158162267816987989507006676447549
1	41228529694463171883445076950918684537865924635527296702059084732151185152743050721361119771871182285640695700756186162155835664766376520746571027882973411188261099139193816317153370936973466690728293983447958419742766411476101591879477
1	28623628896155960097423652150637812832021565511289651850474141629327892876745175341581923918050693433979846059760664278184624760888758221410039758211745871461913756727210993494074633325669476874454675440737754571668544833445194800207383
1	33613068795485898096057132800748991215584957664633719604226514940862112735994334346077855610187970271095599042654725023923229077006982131564083385789940105936926246431954194194876633630143972843396316113893876928197924208082428764259311
1	25209801596614423572042849600561743411688718248475289703169886205646584551995750759558391707640977703321699281991043767942421807755236598673062539342455079452694684823965645646157475222607979632547237085420407696148443156061821716521859
1	40703325494533704725694184250906981550122409672017394833243045436200214641243139247203653277961995250154826965714706083657035210438142424940882224980005597032996626538694532032858423536502467115050226544168366592739673845724813205338437
1	42541540194286839777822308700947942007224712044302051374099182972028611431492829406754786006644149874355367538359886358402836800586961760260793035140392946576422280640442027027890739438150965629923462581646937987250497825854317584052171
1	20220361697284485573409368950450565028125326095131221949417512894112364692746591755062460015503700866205946299096983022203817491637012688519018911764260844977682195119222444945355474918133483663605596412264285339619063781424583945853999
1	39652917094674770410192398850883575574635379744997591095610966844298273618243316298888720290143621179183089495631745926659434301781674233329504619174069968722467681337695963464268528735560467963694091665609182938733488714222239961984773
1	42541540194286839777822308700947942007224712044302051374099182972028611431492829406754786006644149874355367538359886358402836800586961760260793035140392946576422280640442027027890739438150965629923462581646937987250497825854321254420211
1	10766686098554076733893300350239911248742056751952988310728805566994895485748185220228063125138334227460309068350341609225409313728798964016620459510840190182921688310235327828046421709655491301400382505231632453563397597901406647056451
1	3413827299541536525380802550076069420332847262814362147304255423681308324749424582023532210409715730658146777769620510242202953133521622736977218869290792009219071903245347847917158103061497241907438355317346875520101677383375390706913
1	13655309198166146101523210200304277681331389051257448589217021694725233298997698328094128841638862922632587111078482040968811812534086490947908875477163168036876287612981391391668632412245988967629753421269387502080406709533489905852281
1	16281330197813481890277673700362792620048963868806957933297218174480085856497255698881461311184798100061930786285882433462814084175256969976352889992002238813198650615477812813143369414600986846020090617667346637095869538289928079399979
1	52257817892981982196213823651164447280479738869235235947195909947121565894241191678667916143964110030843939136627267810630645205659292532666035888845297508448815023749678786287347266346864457779967710208319386786807710292253146746008929
1	9191073498765675260640622250204802285511511861423282704280687679141983951248450797755663643410773121002702863225901373729007950744096676599554050801936747717128270508737474975161579508242492574366180187392856972554119900647541311166909
1	41753733894392639041195969650930387525609439599037198570875124028102155664242962195518586265780369321126564435797666240654636119094610616552259830785941225343525571739693100601448318337444466266406361422727550246745858977227385782927653
1	2363418899682602209879017150052663444845817335794558409672176831779367301749601633708599222591341659686409307686660353244602044477053431125599613063355163698690126702246779279327263302119498090551303476758163221513916545880799152595671
1	15756125997884014732526781000351089632305448905297056064481178878529115344997344224723994817275611064576062051244402354964013629847022874170664087089034424657934178014978528528848422014129987270342023178387754810092776972538640145818929
1	55146440992594051563843733501228813713069071168539696225684126074851903707490704786533981860464638726016217179355408242374047704464580059597324304811620486302769623052424849850969477049454955446197081124357141835324719403885230069399797
1	44379754894039974829950433150988902464327014416586707914955320507857008221742519566305918735326304498555908111005066633148638390735781095580703845300780296119847934742189522022923055339799464144796698619125509381761321805983827033366667
1	2100816799717868631003570800046811950974059854039607475264157183803882045999645896629865975636748141943474940165920313995201817312936383222755211611871256621057890401997137137179789601883998302712269757118367308012370263005154038888171
1	51207409493123047880712038251141041304992708942215432209563831355219624871241368730352983156145735959872201666544307653633044297002824341054658283039361880138286078548680217718757371545922458628611575329760203132801525160750570958883237
1	262602099964733578875446350005851493871757481754950934408019647975485255749955737078733246954593517742934367520740039249400227164117047902844401451483907077632236300249642142147473700235499787839033719639795913501546282875645399125181
1	38077304494886368936939720750848466611404834854467885489162848956445362083743581876416320808416060072725483290507305691163032938796971945912438210465166526256674263536198110611383686534147469236659889347770407457724211016968370738068727
1	24947199496649689993167403250555891917816960766720338768761866557671099296245795022479658460686384185578764914470303728693021580591119550770218137890971172375062448523716003504010001522372479844708203365780611782646896873186177785459117
1	14705717598025080417024995600327683656818418978277252326849100286627174321997521276409061829457236993604324581161442197966412721190554682559286481283098796347405232813979959960258527213187988118985888299828571156086591841036064359425411
1	10241481898624609576142407650228208260998541788443086441912766271043924974248273746070596631229147191974440333308861530726608859400564868210931656607872376027657215709736043543751474309184491725722315065952040626560305032150117046379007
1	53045624192876182932840162701182001762095011314500088750419968891048021661491058889904115884827890584072742239189487928378845887151643676374569093199749229681711732650427712713789687447570957143484811367238774527312349140880080513032709
1	54883838892629317984968287151222962219197313686784745291276106426876418451740749049455248613510045208273282811834668203124647477300463011694479903360136579225137386752175207708822003349219455658358047404717345921823173121009586142490099
1	12079696598377744628270532100269168718100844160727742982768903806872321764497963905621729359911301816174980905954041805472410449549384203530842466768259725571082869811483538538783790210832990240595551103430612021071129012279624648443687
1	15756125997884014732526781000351089632305448905297056064481178878529115344997344224723994817275611064576062051244402354964013629847022874170664087089034424657934178014978528528848422014129987270342023178387754810092776972538639705348419
1	1050408399858934315501785400023405975487029927019803737632078591901941022999822948314932987818374070971737470082960156997600908656468191611377605805935628310528945200998568568589894800941999151356134878559183654006185131502579412618661
1	15493523897919281153651334650345238138433691423542105130073159230553630089247388487645261570321017546833127683723662315714613402682905826267819685637550517580301941714728886386700948313894487482502989458747958896591230689662995691964727
1	29936639395979627991800883900667070301380352920064406522514239869205319155494954026975590152823661022694517897364364474431625896709343460924261765469165406850074938228459204204812001826846975813649844038936734139176276247823412053957363
1	16806534397742949048028566400374495607792478832316859802113257470431056367997167173038927805093985135547799521327362511961614538503491065782041692894970052968463123215977097097438316815071986421698158056946938464098962104041213143282153
1	40178121294604237567943291550895278562378894708507492964427006140249244129743227773046186784052808214668958230673226005158234756109908329135193422077037782877732153938195247748563476136031467539372159104888774765736581279973522804384077
1	52520419992946715775089270001170298774351496350990186881603929595097051149991147415746649390918703548586873504148007849880045432823409580568880290296781415526447260049928428429494740047099957567806743927959182700309256575128790678856289
1	7090256699047806629637051450157990334537452007383675229016530495338101905248804901125797667774024979059227923059981059733806133431160293376798839190065491096070380106740337837981789906358494271653910430274489664541749637642390442494651
1	4989439899329937998633480650111178383563392153344067753752373311534219859249159004495931692137276837115752982894060745738604316118223910154043627578194234475012489704743200700802000304474495968941640673156122356529379374637240127781547
1	25997607896508624308669188650579297893303990693740142506393945149573040319245617970794591448504758256550502384553263885690622489247587742381595743696906800685591393724714572072599896323314478996064338244339795436653082004688753579407699
1	16543932297778215469153120050368644113920721350561908867705237822455571112247211435960194558139391617804865153806622472712214311339374017879197291443486145890830886915727454955290843114836486633859124337307142550597415821165568276557817
1	1575612599788401473252678100035108963230544890529705606448117887852911534499734422472399481727561106457606205124440235496401362984702287417066408708903442465793417801497852852884842201412998727034202317838775481009277697253866170454201
1	11817094498413011049395085750263317224229086678972792048360884158896836508748008168542996112956708298432046538433301766223010222385267155627998065316775818493450633511233896396636316510597490452756517383790816107569582729403979531793311
1	54883838892629317984968287151222962219197313686784745291276106426876418451740749049455248613510045208273282811834668203124647477300463011694479903360136579225137386752175207708822003349219455658358047404717345921823173121009586011894667
1	41228529694463171883445076950918684537865924635527296702059084732151185152743050721361119771871182285640695700756186162155835664766376520746571027882973411188261099139193816317153370936973466690728293983447958419742766411476101142754357
1	1838214699753135052128124450040960457102302372284656540856137535828396790249690159551132728682154624200540572645180274745801590148819335319910810160387349543425654101747494995032315901648498514873236037478571394510823980129509000307831
1	15230921797954547574775888300339386644561933941787154195665139582578144833497432750566528323366424029090193316202922276465213175518788778364975284186066610502669705414479244244553474613658987694663955739108162983089684406787349546103403
1	51732613693052515038462930951152744292736223905725334078379870651170595382741280204510449650054922995358070401585787732131844751331058436860347085942329694293550551149179502003052318946393458204289642769039794959804617726501857255432243
1	54096032592735117248341948101205407737582041241519892488052047482949962684490881838219048872646264655044479709272448085376446795808111867985946699005684857992240677851426281282379582248512956294840946245797958181318534272382655485598851
1	37552100294956901779188828050836763623661319890957983620346809660494391572243670402258854314506873037239614555465825612664232484468737850106749407562198712101409790935698826327088739133676469660981821908490815630721118451217086606185593
1	13655309198166146101523210200304277681331389051257448589217021694725233298997698328094128841638862922632587111078482040968811812534086490947908875477163168036876287612981391391668632412245988967629753421269387502080406709533485025449617
1	42016335994357372620071416000936239019481197080792149505283143676077640919992917932597319512734962838869498803318406279904036346258727664455104232237425132421157808039942742743595792037679966054245395142367346160247405260103033456521813
1	29148833096085427255174544850649515819765080474799553719290180925278863388245086815739390411959880469465714794802144356683425215216992317215728561114713685617178229327710277778369580726140476450132742880017346398671637399196480768270389
1	35451283495239033148185257250789951672687260036918376145082652476690509526244024505628988338870124895296139615299905298669030667155801466883994195950327455480351900533701689189908949531792471358269552151372448322708748188211937041172941
1	7090256699047806629637051450157990334537452007383675229016530495338101905248804901125797667774024979059227923059981059733806133431160293376798839190065491096070380106740337837981789906358494271653910430274489664541749637642391595721101
1	51207409493123047880712038251141041304992708942215432209563831355219624871241368730352983156145735959872201666544307653633044297002824341054658283039361880138286078548680217718757371545922458628611575329760203132801525160750570959004737
1	24159393196755489256541064200538337436201688321455485965537807613744643528995927811243458719822603632349961811908083610944820899098768407061684933536519451142165739622967077077567580421665980481191102206861224042142258024559245461824961
1	787806299894200736626339050017554481615272445264852803224058943926455767249867211236199740863780553228803102562220117748200681492351143708533204354451721232896708900748926426442421100706499363517101158919387740504638848626935944767747
1	7352858799012540208512497800163841828409209489138626163424550143313587160998760638204530914728618496802162290580721098983206360595277341279643240641549398173702616406989979980129263606593994059492944149914285578043295920518035521683343
1	25209801596614423572042849600561743411688718248475289703169886205646584551995750759558391707640977703321699281991043767942421807755236598673062539342455079452694684823965645646157475222607979632547237085420407696148443156061819972134173
1	36501691895097967463687042650813357648174289963938179882714731068592450549243847453943921326688498966267877085382865455666631575812269658495371801756263083790880845734700257758498844332734470509625687029931631976714933319714512780166919
1	27573220496297025781921866750614406856534535584269848112842063037425951853745352393266990930232319363008108589677704121187023852232290029798662152405810243151384811526212424925484738524727477723098540562178570917662359701942614052302593
1	15756125997884014732526781000351089632305448905297056064481178878529115344997344224723994817275611064576062051244402354964013629847022874170664087089034424657934178014978528528848422014129987270342023178387754810092776972538636478896609
1	17594340697637149784654905450392050089407751277581712605337316414357512135247034384275127545957765688776602623889582629709815219995842209490574897249421774201359832116726023523880737915778485785215259215866326204603600952668147617473397
1	8140665098906740945138836850181396310024481934403478966648609087240042928248627849440730655592399050030965393142941216731407042087628484988176444996001119406599325307738906406571684707300493423010045308833673318547934769144966174910787
1	22321178497002354204412939750497376979099385949170829424681670077916246738746237651692325991140449008149421239262903336199019308949949071741774123376132101598740085521219582082535264520017481966317866169382652647631434044429736709639367
1	11554492398448277470519639400257465730357329197217841113952864510921351252998052431464262866002114780689112170912561726973609995221150107725153663865291911415818397210984254254488842810361990664917483664151020194068036446528337226730983
1	16806534397742949048028566400374495607792478832316859802113257470431056367997167173038927805093985135547799521327362511961614538503491065782041692894970052968463123215977097097438316815071986421698158056946938464098962104041215428685651
1	48843990593440445670833021101088377860146891606420873799891654523440257569491767096644383933554394300185792358857647300388442252525770909929058669976006716439595951846433438439430108243802960538060271853002039911287608614869771962266577
1	4726837799365204419758034300105326889691634671589116819344353663558734603499203267417198445182683319372818615373320706489204088954106862251199226126710327397380253404493558558654526604238996181102606953516326443027833091761593356244361
1	42016335994357372620071416000936239019481197080792149505283143676077640919992917932597319512734962838869498803318406279904036346258727664455104232237425132421157808039942742743595792037679966054245395142367346160247405260103033326768429
1	21533372197108153467786600700479822497484113503905976621457611133989790971496370440456126250276668454920618136700683218450818627457597928033240919021680380365843376620470655656092843419310982602800765010463264907126795195802806662385561
1	13655309198166146101523210200304277681331389051257448589217021694725233298997698328094128841638862922632587111078482040968811812534086490947908875477163168036876287612981391391668632412245988967629753421269387502080406709533486942543493
1	30987047795838562307302669300690476276867382847084210260146318461107260178494776975290523140642035093666255367447324631429226805365811652535639371275101035160603883429457772773401896627788974965005978917495917793182461379325988166109459
1	49894398993299379986334806501111783835633921533440677537523733115342198592491590044959316921372768371157529828940607457386043161182239101540436275781942344750124897047432007008020003044744959689416406731561223565293793746372348625987703
1	7352858799012540208512497800163841828409209489138626163424550143313587160998760638204530914728618496802162290580721098983206360595277341279643240641549398173702616406989979980129263606593994059492944149914285578043295920518031578151569
1	2626020999647335788754463500058514938717574817549509344080196479754852557499557370787332469545935177429343675207400392494002271641170479028444014514839070776322363002496421421474737002354997878390337196397959135015462828756440471579361
1	5514644099259405156384373350122881371306907116853969622568412607485190370749070478653398186046463872601621717935540824237404770446458005959732430481162048630276962305242484985096947704945495544619708112435714183532471940388526259352421
1	6565052499118339471886158750146287346793937043873773360200491199387131393748893426968331173864837943573359188018500981235005679102926197571110036287097676940805907506241053553686842505887494695975842990994897837538657071891100885193763
1	32562660395626963780555347400725585240097927737613915866594436348960171712994511397762922622369596200123861572571764866925628168350513939952705779984004477626397301230955625626286738829201973692040181235334693274191739076579851763849573
1	48843990593440445670833021101088377860146891606420873799891654523440257569491767096644383933554394300185792358857647300388442252525770909929058669976006716439595951846433438439430108243802960538060271853002039911287608614869775700367813
1	47793582193581511355331235701064971884659861679401070062259575931538316546491944148329450945736020229214054888774687143390841343869302718317681064170071088129067006645434869870840213442860961386704136974442856257281423483367198152155439
1	48581388493475712091957574751082526366275134124665922865483634875464772313741811359565650686599800782442857991336907261139042025361653862026214268524522809361963715546183796297282634543567460750221238133362243997786062331994131245646581
1	54358634692699850827217394451211259231453798723274843422460067130925447940240837575297782119600858172787414076793188124625847022972228915888791100457168765069872914151675923424527055948748456082679979965437754094820080555258296578146343
1	6565052499118339471886158750146287346793937043873773360200491199387131393748893426968331173864837943573359188018500981235005679102926197571110036287097676940805907506241053553686842505887494695975842990994897837538657071891102460716309
1	36501691895097967463687042650813357648174289963938179882714731068592450549243847453943921326688498966267877085382865455666631575812269658495371801756263083790880845734700257758498844332734470509625687029931631976714933319714507749564159
1	8403267198871474524014283200187247803896239416158429901056628735215528183998583586519463902546992567773899760663681255980807269251745532891020846447485026484231561607988548548719158407535993210849079028473469232049481052020608411986537
1	55146440992594051563843733501228813713069071168539696225684126074851903707490704786533981860464638726016217179355408242374047704464580059597324304811620486302769623052424849850969477049454955446197081124357141835324719403885226950687709
1	8140665098906740945138836850181396310024481934403478966648609087240042928248627849440730655592399050030965393142941216731407042087628484988176444996001119406599325307738906406571684707300493423010045308833673318547934769144963369174527
1	10504083998589343155017854000234059754870299270198037376320785919019410229998229483149329878183740709717374700829601569976009086564681916113776058059356283105289452009985685685898948009419991513561348785591836540061851315025762708406391
1	33350466695521164517181686450743139721713200182878768669818495292886627480244378608999122363233376753352664675133984984673828849842865083661238984338456198859294010131704552052729159929908473055557282394254081014696377925206783174920217
1	7352858799012540208512497800163841828409209489138626163424550143313587160998760638204530914728618496802162290580721098983206360595277341279643240641549398173702616406989979980129263606593994059492944149914285578043295920518031575369967
1	49106592693405179249708467451094229354018649088175824734299674171415742825241722833723117180508987817928726726378387339637842479689887957831903071427490623517228188146683080581577581944038460325899305572641835824789154897745417814848247
1	11817094498413011049395085750263317224229086678972792048360884158896836508748008168542996112956708298432046538433301766223010222385267155627998065316775818493450633511233896396636316510597490452756517383790816107569582729403983135144451
1	49106592693405179249708467451094229354018649088175824734299674171415742825241722833723117180508987817928726726378387339637842479689887957831903071427490623517228188146683080581577581944038460325899305572641835824789154897745419118479293
1	1313010499823667894377231750029257469358787408774754672040098239877426278749778685393666234772967588714671837603700196247001135820585239514222007257419535388161181501248210710737368501177498939195168598198979567507731414378223804186071
1	42541540194286839777822308700947942007224712044302051374099182972028611431492829406754786006644149874355367538359886358402836800586961760260793035140392946576422280640442027027890739438150965629923462581646937987250497825854317580280157
1	33613068795485898096057132800748991215584957664633719604226514940862112735994334346077855610187970271095599042654725023923229077006982131564083385789940105936926246431954194194876633630143972843396316113893876928197924208082425804546239
