sieve choosen 571
number of total trys 10145
0.9857072449482503% Erfolgsquote 
1	3151225199576802946505356200070217926461089781059411212896235775705823068999468844944798963455122212915212410248880470992802725969404574834132817417806884931586835602995705705769684402825997454068404635677550962018555394507729648386997
1	1838214699753135052128124450040960457102302372284656540856137535828396790249690159551132728682154624200540572645180274745801590148819335319910810160387349543425654101747494995032315901648498514873236037478571394510823980129510105579489
1	15493523897919281153651334650345238138433691423542105130073159230553630089247388487645261570321017546833127683723662315714613402682905826267819685637550517580301941714728886386700948313894487482502989458747958896591230689662996286031137
1	20482963797249219152284815300456416521997083576886172883825532542087849948496547492141193262458294383948880666617723061453217718801129736421863313215744752055314431419472087087502948618368983451444630131904081253120610064300230932433223
1	46217969593793109882078557601029862921429316788871364455811458043685405011992209725857051464008459122756448683650246907894439980884600430900614655461167645663273588843937017017955371241447962659669934656604080776272145786113333251687083
1	43066744394216306935573201400959644994968227007811953242915222267979581942992740880912252500553336909841236273401366436901637254915195856066481838043360760731686753240941311312185686838621965205601530020926529814253590391605605445121187
1	20220361697284485573409368950450565028125326095131221949417512894112364692746591755062460015503700866205946299096983022203817491637012688519018911764260844977682195119222444945355474918133483663605596412264285339619063781424585369294569
1	48843990593440445670833021101088377860146891606420873799891654523440257569491767096644383933554394300185792358857647300388442252525770909929058669976006716439595951846433438439430108243802960538060271853002039911287608614869775574432087
1	48056184293546244934206682051070823378531619161156020996667595579513801802241899885408184192690613746956989256295427182640241571033419766220525465621554995206699242945684512012987687143096461174543170694082652170782969766242842088461447
1	37026896095027434621437935350825060635917804927448081751530770364543421060743758928101387820597686001753745820424345534165432030140503754301060604659230897946145318335199542042793791733205470085303754469211223803718025885465798741355259
1	16018728097848748311402227350356941126177206387052006998889198526504600600747299961802728064230204582318996418765142394213413857011139922073508488540518331735566414315228170670995895714365487058181056898027550723594323255414286053140521
1	44117152794075241251074986800983050970455256934831756980547300859881522965992563829227185488371710980812973743484326593899238163571664047677859443849296389042215698441939879880775581639563964356957664899485713468259775523108184788521647
1	36764293995062701042562489000819209142046047445693130817122750716567935804993803191022654573643092484010811452903605494916031802976386706398216203207746990868513082034949899900646318032969970297464720749571427890216479602590156711918141
1	6827654599083073050761605100152138840665694525628724294608510847362616649498849164047064420819431461316293555539241020484405906267043245473954437738581584018438143806490695695834316206122994483814876710634693751040203354766746448604933
1	42016335994357372620071416000936239019481197080792149505283143676077640919992917932597319512734962838869498803318406279904036346258727664455104232237425132421157808039942742743595792037679966054245395142367346160247405260103033450182163
1	30199241495944361570676330250672921795252110401819357456922259517180804411244909764054323399778254540437452264885104513681026123873460508827106166920649313927707174528708846346959475527082475601488877758576530052677822530699054683274373
1	54358634692699850827217394451211259231453798723274843422460067130925447940240837575297782119600858172787414076793188124625847022972228915888791100457168765069872914151675923424527055948748456082679979965437754094820080555258299184073773
1	2100816799717868631003570800046811950974059854039607475264157183803882045999645896629865975636748141943474940165920313995201817312936383222755211611871256621057890401997137137179789601883998302712269757118367308012370263005155667255319
1	51207409493123047880712038251141041304992708942215432209563831355219624871241368730352983156145735959872201666544307653633044297002824341054658283039361880138286078548680217718757371545922458628611575329760203132801525160750569389535303
1	53045624192876182932840162701182001762095011314500088750419968891048021661491058889904115884827890584072742239189487928378845887151643676374569093199749229681711732650427712713789687447570957143484811367238774527312349140880076797536757
1	50944807393158314301836591901135189811120951460460481275155811707244139615491412993274249909191142442129267299023567614383644069838707293151813881587877973060653842248430575576609897845686958840772541610120407219299978877874928064134151
1	19432555397390284836783029900433010546510053649866369146193453950185908925496724543826260274639920312977143196534762904455616810144661544810485707409809123744785486218473518518913053817426984300088495253344897599114424932797655201973701
1	48843990593440445670833021101088377860146891606420873799891654523440257569491767096644383933554394300185792358857647300388442252525770909929058669976006716439595951846433438439430108243802960538060271853002039911287608614869775178444319
1	36764293995062701042562489000819209142046047445693130817122750716567935804993803191022654573643092484010811452903605494916031802976386706398216203207746990868513082034949899900646318032969970297464720749571427890216479602590155953063821
1	40178121294604237567943291550895278562378894708507492964427006140249244129743227773046186784052808214668958230673226005158234756109908329135193422077037782877732153938195247748563476136031467539372159104888774765736581279973523121901939
1	6302450399153605893010712400140435852922179562118822425792471551411646137998937689889597926910244425830424820497760941985605451938809149668265634835613769863173671205991411411539368805651994908136809271355101924037110789015455526860863
1	46480571693757843460954003951035714415301074270626315390219477691660890267742165462935784710963052640499383051170986947143840208048717478803459056912651552740905825144186659160102844941683462447508968376243876689773692068988980304907397
1	53308226292840916511715609051187853255966768796255039684827988539023506917241014626982849131782484101815676606710227967628246114315760724277413494651233136759343968950677354855937161147806456931323845086878570440813895423755719425470601
1	54883838892629317984968287151222962219197313686784745291276106426876418451740749049455248613510045208273282811834668203124647477300463011694479903360136579225137386752175207708822003349219455658358047404717345921823173121009583014925617
1	16806534397742949048028566400374495607792478832316859802113257470431056367997167173038927805093985135547799521327362511961614538503491065782041692894970052968463123215977097097438316815071986421698158056946938464098962104041217845209587
1	19169953297425551257907583550427159052638296168111418211785434302210423669746768806747527027685326795234208829014022865206216582980544496907641305958325216667153249918223876376765580117191484512249461533705101685612878649922010743939547
1	45167561193934175566576772201006456945942286861851560718179379451783463988992386777542118476190085051784711213567286750896839072228132239289237049655232017352744643642938448449365476440505963508313799778044897122265960654610757839488557
1	51207409493123047880712038251141041304992708942215432209563831355219624871241368730352983156145735959872201666544307653633044297002824341054658283039361880138286078548680217718757371545922458628611575329760203132801525160750567349193427
1	10504083998589343155017854000234059754870299270198037376320785919019410229998229483149329878183740709717374700829601569976009086564681916113776058059356283105289452009985685685898948009419991513561348785591836540061851315025763472885151
1	29411435196050160834049991200655367313636837956554504653698200573254348643995042552818123658914473987208649162322884395932825442381109365118572962566197592694810465627959919920517054426375976237971776599657142312173183682072124111564951
1	12867502898271945364896871150286723199716116605992595785992962750798777531747831116857929100775082369403784008516261923220611131041735347239375671122711446803979578712232464965226211311539489604112652262349999761575767860906556956714963
1	53308226292840916511715609051187853255966768796255039684827988539023506917241014626982849131782484101815676606710227967628246114315760724277413494651233136759343968950677354855937161147806456931323845086878570440813895423755723460278503
1	47005775893687310618704896651047417403044589234136217259035516987611860779242076937093251204872239675985251786212467025642640662376951574609147859815619366896170297744685943444397792342154462023187035815523468516776784634740268097491753
1	12604900798307211786021424800280871705844359124237644851584943102823292275997875379779195853820488851660849640995521883971210903877618299336531269671227539726347342411982822823078737611303989816273618542710203848074221578030913940130187
1	54096032592735117248341948101205407737582041241519892488052047482949962684490881838219048872646264655044479709272448085376446795808111867985946699005684857992240677851426281282379582248512956294840946245797958181318534272382651545115897
1	32300058295662230201679901050719733746226170255858964932186416700984686457244555660684189375415002682380927205051024827676227941186396892049861378532520570548765064930705983484139265128966473904201147515694897360690192793704206140578351
1	32562660395626963780555347400725585240097927737613915866594436348960171712994511397762922622369596200123861572571764866925628168350513939952705779984004477626397301230955625626286738829201973692040181235334693274191739076579849081791333
1	12079696598377744628270532100269168718100844160727742982768903806872321764497963905621729359911301816174980905954041805472410449549384203530842466768259725571082869811483538538783790210832990240595551103430612021071129012279626304240803
1	42541540194286839777822308700947942007224712044302051374099182972028611431492829406754786006644149874355367538359886358402836800586961760260793035140392946576422280640442027027890739438150965629923462581646937987250497825854321321471849
1	44904959093969441987701325851000605452070529380096609783771359803807978733242431040463385229235491534041776846046546711647438845064015191386392648203748110275112407342688806307218002740270463720474766058405101208764414371735117624621747
1	10766686098554076733893300350239911248742056751952988310728805566994895485748185220228063125138334227460309068350341609225409313728798964016620459510840190182921688310235327828046421709655491301400382505231632453563397597901406407741043
1	33087864595556430938306240100737288227841442701123817735410475644911142224494422871920389116278783235609730307613244945424428622678748035758394582886972291781661773831454909910581686229672973267718248674614285101194831642331139239594089
1	45692765393863642724327664901018159933685801825361462586995418747734434500492298251699584970099272087270579948608766829395639526556366335094925852558199831508009116243437732733660423840976963083991867217324488949269053220362048378511519
1	26260209996473357887544635000585149387175748175495093440801964797548525574995573707873324695459351774293436752074003924940022716411704790284440145148390707763223630024964214214747370023549978783903371963979591350154628287564396992645013
1	33613068795485898096057132800748991215584957664633719604226514940862112735994334346077855610187970271095599042654725023923229077006982131564083385789940105936926246431954194194876633630143972843396316113893876928197924208082427025203687
1	31512251995768029465053562000702179264610897810594112128962357757058230689994688449447989634551222129152124102488804709928027259694045748341328174178068849315868356029957057057696844028259974540684046356775509620185553945077276094011737
1	7615460898977273787387944150169693322280966970893577097832569791289072416748716375283264161683212014545096658101461138232606587759394389182487642093033305251334852707239622122276737306829493847331977869554081491544842203393679219411871
1	51995215793017248617338377301158595786607981387480285012787890299146080638491235941589182897009516513101004769106527771381244978495175484763191487393813601371182787449429144145199792646628957992128676488679590873306164009377500082589101
1	33613068795485898096057132800748991215584957664633719604226514940862112735994334346077855610187970271095599042654725023923229077006982131564083385789940105936926246431954194194876633630143972843396316113893876928197924208082424493780047
1	30987047795838562307302669300690476276867382847084210260146318461107260178494776975290523140642035093666255367447324631429226805365811652535639371275101035160603883429457772773401896627788974965005978917495917793182461379325990194964153
1	7090256699047806629637051450157990334537452007383675229016530495338101905248804901125797667774024979059227923059981059733806133431160293376798839190065491096070380106740337837981789906358494271653910430274489664541749637642390442453863
1	15493523897919281153651334650345238138433691423542105130073159230553630089247388487645261570321017546833127683723662315714613402682905826267819685637550517580301941714728886386700948313894487482502989458747958896591230689662996219332989
1	10766686098554076733893300350239911248742056751952988310728805566994895485748185220228063125138334227460309068350341609225409313728798964016620459510840190182921688310235327828046421709655491301400382505231632453563397597901406414562457
1	10241481898624609576142407650228208260998541788443086441912766271043924974248273746070596631229147191974440333308861530726608859400564868210931656607872376027657215709736043543751474309184491725722315065952040626560305032150117039630541
1	1313010499823667894377231750029257469358787408774754672040098239877426278749778685393666234772967588714671837603700196247001135820585239514222007257419535388161181501248210710737368501177498939195168598198979567507731414378221134548059
1	22321178497002354204412939750497376979099385949170829424681670077916246738746237651692325991140449008149421239262903336199019308949949071741774123376132101598740085521219582082535264520017481966317866169382652647631434044429738458566501
1	5514644099259405156384373350122881371306907116853969622568412607485190370749070478653398186046463872601621717935540824237404770446458005959732430481162048630276962305242484985096947704945495544619708112435714183532471940388528757507101
1	2626020999647335788754463500058514938717574817549509344080196479754852557499557370787332469545935177429343675207400392494002271641170479028444014514839070776322363002496421421474737002354997878390337196397959135015462828756443594782759
1	54096032592735117248341948101205407737582041241519892488052047482949962684490881838219048872646264655044479709272448085376446795808111867985946699005684857992240677851426281282379582248512956294840946245797958181318534272382653826969387
1	48843990593440445670833021101088377860146891606420873799891654523440257569491767096644383933554394300185792358857647300388442252525770909929058669976006716439595951846433438439430108243802960538060271853002039911287608614869771960710507
1	22058576397037620625537493400491525485227628467415878490273650429940761482996281914613592744185855490406486871742163296949619081785832023838929721924648194521107849220969939940387790819781982178478832449742856734129887761554095502639079
1	53833430492770383669466501751199556243710283759764941553644027834974477428740926101140315625691671137301545341751708046127046568643994820083102297554200950914608441551176639140232108548277456507001912526158162267816987989507010415996179
1	41491131794427905462320523300924536031737682117282247636467104380126670408493006458439853018825775803383630068276926201405235891930493568649415429334457318265893335439443458459300844637208966478567327703087754333244312694351743773148343
1	18119544897566616942405798150403753077151266241091614474153355710308482646746945858432594039866952724262471358931062708208615674324076305296263700152389588356624304717225307808175685316249485360893326655145918031606693518419432481501697
1	40965927594498438304569630600912833043994167153772345767651065084175699896993094984282386524916588767897761333235446122906435437602259472843726626431489504110628862838944174175005897236737966902889260263808162506241220128600458868219883
1	23371586896861288519914725150520782954586415876190633162313748669818187761746060600007258978958823079121158709345863493196620217606417263353151729182067729909269030722218150651125159320959481117674001047941836301637619175932312561715511
1	49631796893334646407459360151105932341762164051685726603115713467366713336741634307880583674418174853414595461419867418136642934018122053637591874330458437672492660747182364865872529344509459901577373011921427651792247463496708637403113
1	7090256699047806629637051450157990334537452007383675229016530495338101905248804901125797667774024979059227923059981059733806133431160293376798839190065491096070380106740337837981789906358494271653910430274489664541749637642388636474191
1	14968319697989813995900441950333535150690176460032203261257119934602659577747477013487795076411830511347258948682182237215812948354671730462130882734582703425037469114229602102406000913423487906824922019468367069588138123911707905512793
1	34400875095380098832683471850766545697200230109898572407450573884788568503244201557314055351051750824324402145216945141671429758499333275272616590144391827169822955332703120621319054730850472206913417272813264668702563056709360555911819
1	19169953297425551257907583550427159052638296168111418211785434302210423669746768806747527027685326795234208829014022865206216582980544496907641305958325216667153249918223876376765580117191484512249461533705101685612878649922010748812003
1	787806299894200736626339050017554481615272445264852803224058943926455767249867211236199740863780553228803102562220117748200681492351143708533204354451721232896708900748926426442421100706499363517101158919387740504638848626935557921363
1	5514644099259405156384373350122881371306907116853969622568412607485190370749070478653398186046463872601621717935540824237404770446458005959732430481162048630276962305242484985096947704945495544619708112435714183532471940388528002082141
1	10504083998589343155017854000234059754870299270198037376320785919019410229998229483149329878183740709717374700829601569976009086564681916113776058059356283105289452009985685685898948009419991513561348785591836540061851315025758765567259
1	18907351197460817679032137200421307558766538686356467277377414654234938413996813069668793780730733277491274461493282825956816355816427449004796904506841309589521013617974234234618106416955984724410427814065305772111332367046367401582517
1	6565052499118339471886158750146287346793937043873773360200491199387131393748893426968331173864837943573359188018500981235005679102926197571110036287097676940805907506241053553686842505887494695975842990994897837538657071891102070680323
1	2888623099612069367629909850064366432589332299304460278488216127730337813249513107866065716500528695172278042728140431743402498805287526931288415966322977853954599302746063563622210702590497666229370916037755048517009111632084407561051
1	27573220496297025781921866750614406856534535584269848112842063037425951853745352393266990930232319363008108589677704121187023852232290029798662152405810243151384811526212424925484738524727477723098540562178570917662359701942613443533437
1	8665869298836208102889729550193099297767996897913380835464648383191013439748539323598197149501586085516834128184421295230207496415862580793865247898968933561863797908238190690866632107771492998688112748113265145551027334896252225966287
1	21270770097143419888911154350473971003612356022151025687049591486014305715746414703377393003322074937177683769179943179201418400293480880130396517570196473288211140320221013513945369719075482814961731290823468993625248912927160978302349
1	27048016296367558624170974050602703868791020620759946244026023741474981342245440919109524436323132327522239854636224042688223397904055933992973349502842428996120338925713140641189791124256478147420473122898979090659267136191327498894951
1	24421995296720222835416510550544188930073445803210436899945827261720128784745883548322191966777197150092896179428823650194221126262885454964529334988003358219797975923216719219715054121901480269030135926501019955643804307434890891553411
1	24684597396684956414291956900550040423945203284965387834353846909695614040495839285400925213731790667835830546949563689443621353427002502867373736439487265297430212223466361361862527822136980056869169646140815869145350590310533846873053
1	12867502898271945364896871150286723199716116605992595785992962750798777531747831116857929100775082369403784008516261923220611131041735347239375671122711446803979578712232464965226211311539489604112652262349999761575767860906553225956011
1	35713885595203766727060703600795803166559017518673327079490672124665994781993980242707721585824718413039073982820645337918430894319918514786838597401811362557984136833951331332056423232027971146108585871012244236210294471087578561806627
1	54883838892629317984968287151222962219197313686784745291276106426876418451740749049455248613510045208273282811834668203124647477300463011694479903360136579225137386752175207708822003349219455658358047404717345921823173121009583022090131
1	53570828392805650090591055401193704749838526278009990619236008186998992172990970364061582378737077619558610974230968006877646341479877772180257896102717043836976205250926996998084634848041956719162878806518366354315441706631366354195749
1	48318786393510978513082128401076674872403376642910971931075615227489287057991855622486917439645207264699923623816167221889641798197536814123369867073038902284331479245934154155135160843331960962382204413722448084284516049118486017862297
1	7878062998942007366263390500175544816152724452648528032240589439264557672498672112361997408637805532288031025622201177482006814923511437085332043544517212328967089007489264264424211007064993635171011589193877405046388486269319122430267
1	36239089795133233884811596300807506154302532482183228948306711420616965293493891716865188079733905448524942717862125416417231348648152610592527400304779176713248609434450615616351370632498970721786653310291836063213387036838867853284981
1	9191073498765675260640622250204802285511511861423282704280687679141983951248450797755663643410773121002702863225901373729007950744096676599554050801936747717128270508737474975161579508242492574366180187392856972554119900647543810996883
1	49106592693405179249708467451094229354018649088175824734299674171415742825241722833723117180508987817928726726378387339637842479689887957831903071427490623517228188146683080581577581944038460325899305572641835824789154897745421533951847
1	52783022092911449353964716351176150268223253832745137816011949243072536405741103152825382637873297066329807871668747889129445659987526628471724691748265322604079496350178070571642213747335457355645777647598978613810802858004434085908791
1	43066744394216306935573201400959644994968227007811953242915222267979581942992740880912252500553336909841236273401366436901637254915195856066481838043360760731686753240941311312185686838621965205601530020926529814253590391605611085384309
1	14705717598025080417024995600327683656818418978277252326849100286627174321997521276409061829457236993604324581161442197966412721190554682559286481283098796347405232813979959960258527213187988118985888299828571156086591841036061685785109
