sieve choosen 383
number of total trys 5841
1.7120356103406953% Erfolgsquote 
1	30954881518356774209133613570284091895541946021759261830458318662154848115949365598124717706283483739967912035354264198650019246220043937885557784226429770837
1	57958076034370130434122510514574469932078537232230107257028341324885673068160514311382450173466948279088856576833515946408546673773699287955937978970291857847
1	3293072501952848320120597188328094882504462342740347003240246666186685969781847404055821032583349334039139578229177042409576515555323823179314657897122796161
1	114598923067959121540196782153817701911155289527364075712760583983296671748408289661142571933900556824562057322375361075853262741325269046640150094785895371281
1	82326812548821208003014929708202372062611558568508675081006166654667149244546185101395525814583733350978489455729426060239412888883095579482866447401966064357
1	42151328024996458497543644010599614496057117987076441641475157327189580413207646771914509217066871475700986601333466142842579399108144936695227621073624236337
1	56640847033588991106074271639243231979076752295133968455732242658410998680247775349760121760433608545473200745541845129444716067551569758684212115814442413079
1	94840488056242031619473199023849132616128515470921993693319103986176555929717205236807645738400460820327219853000298821395803647993326107564262147409245293457
1	9879217505858544960361791564984284647513387028221041009720739998560057909345542212167463097750048002117418734687531127228729546665971469537943973691171285859
1	76399282045306081026797854769211801274103526351576050475173722655531114498938859774095047955933704549708038214916907383902175160883512697760100063187136114607
1	38858255523043610177423046822271519613552655644336094638234910661002894443425799367858688184483522141661847023104289100433002883552821113515912963173968334123
1	62568377537104118082291346578233802767584784512066593061564686657547033425855100677060599619083637346743651986354363805781953795551152640406978500026758687169
1	97474946057804310275569676774511608522132085345114271295911301319125904705542683160052302564467140287558531515583640455323464860437585166107713873726020943923
1	54006389032026712449977793888580756073073182420941690853140045325461649904422297426515464934366929078241889082958503495517054855107310700140760389495129448003
1	71788980542572093378629018705552468438597279071739564670637377322869754141244273408416898510317015482053242805396059524528768039106059345309059542136755259331
1	38199641022653040513398927384605900637051763175788025237586861327765557249469429887047523977966852274854019107458453691951087580441756348880050031599470926033
1	136333201580847920452992723596783128135684740989450365934146211980128799148968482527910990748950662429220378538687929555756467743990406279623626836897538396061
1	138309045082019629445065081909779985065187418395094574136090359979840810730837590970344483368500672029643862285625435781202213653323600573531215631633490758327
1	96816331557413740611545557336845989545631192876566201895263251985888567511586313679241138357950470420750703599937805046841549557326520401471850942147629925619
1	43468557025777597825591882885930852449058902924172580442771255993664254801120385733536837630100211209316642432625136959806410005330274465966953484228777934671
1	42809942525387028161567763448265233472558010455624511042123206660426917607164016252725673423583541342508814516979301551324494702219209701331090552651349406231
1	30954881518356774209133613570284091895541946021759261830458318662154848115949365598124717706283483739967912035354264198650019246220043937885557784226844511723
1	61909763036713548418267227140568183791083892043518523660916637324309696231898731196249435412566967479935824070708528397300038492440087875771115568445464929571
1	136333201580847920452992723596783128135684740989450365934146211980128799148968482527910990748950662429220378538687929555756467743990406279623626836895906949517
1	104061091061710006915810871151167798287141010030594965302391794651499276645106377968163944629633838955636810672041994540142617891548232812466343189515244474863
1	111964465066396842884100304403155226005151719653171798110168386650347322972582811737897915107833877357330745659792019441925601528881009988096698368467816992409
1	111964465066396842884100304403155226005151719653171798110168386650347322972582811737897915107833877357330745659792019441925601528881009988096698368468540469333
1	46103015027339876481688360636593328355062472798364858045363453326613603576945863656781494456166890676547954095208478593734071217774533524510405210548793151577
1	70471751541790954050580779830221230485595494134643425869341278656395079753331534446794570097283675748437586974104388707564937432883929816037333678976342171647
1	96157717057023170947521437899180370569130300408018132494615202652651230317629944198429974151433800553942875684291969638359634254215455636835988010566126582173
1	27661809016403925889013016381955997013037483679018914827218071995968162146167518194068896673700134405928772457125087156240442730664720114706243126330329928893
1	54006389032026712449977793888580756073073182420941690853140045325461649904422297426515464934366929078241889082958503495517054855107310700140760389499136487547
1	81668198048430638338990810270536753086110666099960605680358117321429812050589815620584361608067063484170661540083590651757497585772030814847003515821758065739
1	109330007064834564228003826652492750099148149778979520507576189317397974196757333814653258281767197890099433997208677807997940316436750929553246642151757903349
1	68495908040619245058508421517224373556092816728999217667397130656683068171462426004361077477733666148014103227166882482119191523550735522129744884239041806843
1	46103015027339876481688360636593328355062472798364858045363453326613603576945863656781494456166890676547954095208478593734071217774533524510405210549058924699
1	57299461533979560770098391076908850955577644763682037856380291991648335874204144830571285966950278412281028661187680537926631370662634523320075047395986345841
1	13172290007811393280482388753312379530017849370961388012960986664746743879127389616223284130333397336156558312916708169638306062221295292717258631589054651103
1	97474946057804310275569676774511608522132085345114271295911301319125904705542683160052302564467140287558531515583640455323464860437585166107713873725995392001
1	24368736514451077568892419193627902130533021336278567823977825329781476176385670790013075641116785071889632878895910113830866215109396291526928468435360268851
1	75082053044524941698749615893880563321101741414479911673877623989056440111026120812472719542900364816092382383625236566938344554661383168488374200030829125029
1	11196446506639684288410030440315522600515171965317179811016838665034732297258281173789791510783387735733074565979201944192560152888100998809669836851129062749
1	100768018559757158595690273962839703404636547687854618299151547985312590675324530564108123597050489621597671093812817497733041375992908989287028531619385052543
1	56640847033588991106074271639243231979076752295133968455732242658410998680247775349760121760433608545473200745541845129444716067551569758684212115811299229127
1	5268916003124557312192955501324951812007139748384555205184394665898697551650955846489313652133358934462623325166683267855322424888518117086903452636129437307
1	48737473028902155137784838387255804261066042672557135647955650659562952352771341580026151282233570143779265757791820227661732430218792583053856936864560712877
1	117233381069521400196293259904480177817158859401556353315352781316246020524233767584387228759967236291793368984958702709780923953769528105183601821098149434109
1	40834099024215319169495405135268376543055333049980302840179058660714906025294907810292180804033531742085330770041795325878748792886015407423501757911999667031
1	46761629527730446145712480074258947331563365266912927446011502659850940770902233137592658662683560543355782010854314002215986520885598289146268142128016096841
1	103402476561319437251786751713502179310640117562046895901743745318261939451150008487352780423117169088828982756396159131660702588437168047830480257936659512697
1	87595728551945765315207885209527323874618698316893230286190561320565846796197140947884839466717092285441112780896109328094735313771613696569769900038905785309
1	77716511046087220354846093644543039227105311288672189276469821322005788886851598735717376368967044283323694046208578200866005767105642227031825926349679244433
1	85619885050774056323135526896530466945116020911249022084246413320853835214328032505451346847167082685017629033958603102648989404438419402662181105296927150673
1	47420244028121015809736599511924566308064257735460996846659551993088277964858602618403822869200230410163609926500149410697901823996663053782131073706170988751
1	111964465066396842884100304403155226005151719653171798110168386650347322972582811737897915107833877357330745659792019441925601528881009988096698368465699633071
1	1317229000781139328048238875331237953001784937096138801296098666474674387912738961622328413033339733615655831291670816963830606222129529271725863160308862403
1	117891995569911969860317379342145796793659751870104422716000830649483357718190137065198392966483906158601196900604538118262839256880592869819464752681035971437
1	65861450039056966402411943766561897650089246854806940064804933323733719395636948081116420651666986680782791564583540848191530311106476463586293157921079844039
1	43468557025777597825591882885930852449058902924172580442771255993664254801120385733536837630100211209316642432625136959806410005330274465966953484233035007297
1	2634458001562278656096477750662475906003569874192277602592197332949348775825477923244656826066679467231311662583341633927661212444259058543451726322772699521
1	17123977010154811264627105379306093389023204182249804416849282664170767042865606501090269369433416537003525806791720620529797880887683880532436221063759933153
1	108012778064053424899955587777161512146146364841883381706280090650923299808844594853030929868733858156483778165917006991034109710214621400281520778993114618713
1	108012778064053424899955587777161512146146364841883381706280090650923299808844594853030929868733858156483778165917006991034109710214621400281520778990656192381
1	136991816081238490117016843034448747112185633457998435334794261313366136342924852008722154955467332296028206454333764964238383047101471044259489768473680425369
1	86937114051555195651183765771861704898117805848345160885542511987328509602240771467073675260200422418633284865250273919612820010660548931933906968458877286851
1	52689160031245573121929555013249518120071397483845552051843946658986975516509558464893136521333589344626233251666832678553224248885181170869034526340274470109
1	19099820511326520256699463692302950318525881587894012618793430663882778624734714943523761988983426137427009553729226845975543790220878174440025015798568283159
1	7903374004686835968289433251987427718010709622576832807776591998848046327476433769733970478200038401693934987750024901782983637332777175630355178954850961879
1	2634458001562278656096477750662475906003569874192277602592197332949348775825477923244656826066679467231311662583341633927661212444259058543451726319352892849
1	79692354547258929346918451957539896156607988694316397478413969321717800468720707178150868988517053883747177793146084426311751676438836520939414721087265092043
1	7244759504296266304265313814321808741509817154028763407128542665610709133520064288922806271683368534886107072104189493301068334221712410994492247373643919801
1	117233381069521400196293259904480177817158859401556353315352781316246020524233767584387228759967236291793368984958702709780923953769528105183601821102099991697
1	123819526073427096836534454281136367582167784087037047321833274648619392463797462392498870825133934959871648141417056794600076984880175751542231136891877692237
1	134357358079676211460920365283786271206182063583806157732202063980416787567099374085477498129400652828796894791750423330310721834657211985716038042161167837759
1	30296267017966204545109494132618472919041053553211192429810269328917510921992996117313553499766813873160084119708428790168103943108979173249694852645422498391
1	102743862060928867587762632275836560334139225093498826501095695985024602257193639006541616216600499222021154840750323723178787285326103283194617326359084419427
1	103402476561319437251786751713502179310640117562046895901743745318261939451150008487352780423117169088828982756396159131660702588437168047830480257936200527799
1	133698743579285641796896245846120652229681171115258088331554014647179450373143004604666333922883982961989066876104587921828806531546147221080175110579797560473
1	25027351014841647232916538631293521107033913804826637224625874663018813370342040270824239847633454938697460794541745522312781518220461056162791400013612876727
1	72447595042962663042653138143218087415098171540287634071285426656107091335200642889228062716833685348861070721041894933010683342217124109944922473715640773611
1	20417049512107659584747702567634188271527666524990151420089529330357453012647453905146090402016765871042665385020897662939374396443007703711750878958283021431
1	6586145003905696640241194376656189765008924685480694006480493332373371939563694808111642065166698668078279156458354084819153031110647646358629315795021886219
1	83644041549602347331063168583533610015613343505604813882302265321141823632458924063017854227617073084594145287021096877203243495105225108754592310562557851933
1	86278499551164625987159646334196085921616913379797091484894462654091172408284401986262511053683752551825456949604438511130904707549484167298044036878801503237
1	110647236065615703556052065527823988052149934716075659308872287983872648584670072776275586694800537623715089828500348624961770922658880458824972505306575656407
1	34906568520700192193278330196277805754547300833047678234346614661578871279687582482991702945383502940814879529229276649541511064886432525700735373698795598817
1	86937114051555195651183765771861704898117805848345160885542511987328509602240771467073675260200422418633284865250273919612820010660548931933906968459140364799
1	93523259055460892291424960148517894663126730533825854892023005319701881541804466275185317325367121086711564021708628004431973041771196578292536284249818535133
1	27661809016403925889013016381955997013037483679018914827218071995968162146167518194068896673700134405928772457125087156240442730664720114706243126332218929827
1	16465362509764241600602985941640474412522311713701735016201233330933429848909237020279105162916746670195697891145885212047882577776619115896573289484683450771
1	6586145003905696640241194376656189765008924685480694006480493332373371939563694808111642065166698668078279156458354084819153031110647646358629315796464820731
1	137650430581629059781040962472114366088686525926546504735442310646603473536881221489533319161984002162836034369979600372720298350212535808895352700053189435631
1	121843682572255387844462095968139510652665106681392839119889126648907380881928353950065378205583925359448164394479550569154331075546981457634642342153823126387
1	134357358079676211460920365283786271206182063583806157732202063980416787567099374085477498129400652828796894791750423330310721834657211985716038042159426578769
1	131722900078113932804823887533123795300178493709613880129609866647467438791273896162232841303333973361565583129167081696383060622212952927172586315840888468267
1	110647236065615703556052065527823988052149934716075659308872287983872648584670072776275586694800537623715089828500348624961770922658880458824972505310768963879
1	129747056576942223812751529220126938370675816303969671927665718647755427209404787719799348683783963761142099382229575470937314712879758633264997521106467211311
1	43468557025777597825591882885930852449058902924172580442771255993664254801120385733536837630100211209316642432625136959806410005330274465966953484232015256709
1	117233381069521400196293259904480177817158859401556353315352781316246020524233767584387228759967236291793368984958702709780923953769528105183601821098595697171
1	14489519008592532608530627628643617483019634308057526814257085331221418267040128577845612543366737069772214144208378986602136668443424821988984494743751668729
