sieve choosen 383
number of total trys 4840
2.066115702479339% Erfolgsquote 
1	32272110519137913537181852445615329848543730958855400631754417328629522503862104559747046119316823473583567866645935015613849852442173467157283647383002579051
1	136991816081238490117016843034448747112185633457998435334794261313366136342924852008722154955467332296028206454333764964238383047101471044259489768474984929153
1	30296267017966204545109494132618472919041053553211192429810269328917510921992996117313553499766813873160084119708428790168103943108979173249694852649005568021
1	104719705562100576579834990588833417263641902499143034703039843984736613839062747448975108836150508822444638587687829948624533194659297577102206121095737808699
1	7244759504296266304265313814321808741509817154028763407128542665610709133520064288922806271683368534886107072104189493301068334221712410994492247375416629581
1	68495908040619245058508421517224373556092816728999217667397130656683068171462426004361077477733666148014103227166882482119191523550735522129744884238099484211
1	93523259055460892291424960148517894663126730533825854892023005319701881541804466275185317325367121086711564021708628004431973041771196578292536284251660947591
1	1975843501171708992072358312996856929502677405644208201944147999712011581869108442433492619550009600423483746937506225445745909333194293907588794741793019601
1	109330007064834564228003826652492750099148149778979520507576189317397974196757333814653258281767197890099433997208677807997940316436750929553246642148264081757
1	92206030054679752963376721273186656710124945596729716090726906653227207153891727313562988912333781353095908190416957187468142435549067049020810421093311481859
1	82326812548821208003014929708202372062611558568508675081006166654667149244546185101395525814583733350978489455729426060239412888883095579482866447403038090697
1	71130366042181523714604899267886849462096386603191495269989327989632416947287903927605734303800345615245414889750224116046852735994994580673196610559032455361
1	16465362509764241600602985941640474412522311713701735016201233330933429848909237020279105162916746670195697891145885212047882577776619115896573289483629469409
1	90888801053898613635328482397855418757123160659633577289430807986752532765978988351940660499300441619480252359125286370504311829326937519749084557934927449859
1	100109404059366588931666154525174084428135655219306548898503498652075253481368161083296959390533819754789843178166982089251126072881844224651165600040230884007
1	71130366042181523714604899267886849462096386603191495269989327989632416947287903927605734303800345615245414889750224116046852735994994580673196610559079469749
1	113940308567568551876172662716152082934654397058816006312112534650059334554451920180331407727383886957754229406729525667371347438214204282004287163206747720787
1	71130366042181523714604899267886849462096386603191495269989327989632416947287903927605734303800345615245414889750224116046852735994994580673196610557244279339
1	39516870023434179841447166259937138590053548112884164038882959994240231637382168848669852391000192008469674938750124508914918186663885878151775894756381857347
1	92206030054679752963376721273186656710124945596729716090726906653227207153891727313562988912333781353095908190416957187468142435549067049020810421093452629111
1	135015972580066781124944484721451890182682956052354227132850113313654124761055743566288662335917322695604722707396258738792637137768276750351900973740356248503
1	38858255523043610177423046822271519613552655644336094638234910661002894443425799367858688184483522141661847023104289100433002883552821113515912963174958555317
1	110647236065615703556052065527823988052149934716075659308872287983872648584670072776275586694800537623715089828500348624961770922658880458824972505308937834057
1	55982232533198421442050152201577613002575859826585899055084193325173661486291405868948957553916938678665372829896009720962800764440504994048349184233396462147
1	16465362509764241600602985941640474412522311713701735016201233330933429848909237020279105162916746670195697891145885212047882577776619115896573289481787991703
1	46761629527730446145712480074258947331563365266912927446011502659850940770902233137592658662683560543355782010854314002215986520885598289146268142125446577203
1	127771213075770514820679170907130081441173138898325463725721570648043415627535679277365856064233954160718615635292069245491568803546564339357408726367482331269
1	62568377537104118082291346578233802767584784512066593061564686657547033425855100677060599619083637346743651986354363805781953795551152640406978500025971563637
1	71130366042181523714604899267886849462096386603191495269989327989632416947287903927605734303800345615245414889750224116046852735994994580673196610557733358653
1	40834099024215319169495405135268376543055333049980302840179058660714906025294907810292180804033531742085330770041795325878748792886015407423501757911920188913
1	135674587080457350788968604159117509159183848520902296533498162646891461955012113047099826542433992562412550623042094147274552440879341514987763905317894814737
1	88912957552726904643256124084858561827620483253989369087486659987040521184109879909507167879750432019056768612187780145058565919993743225841495763193218311671
1	36882412021871901185350688509274662684049978238691886436290762661290882861556690925425195564933512541238363276166782874987256974219626819608324168437522246789
1	138309045082019629445065081909779985065187418395094574136090359979840810730837590970344483368500672029643862285625435781202213653323600573531215631633488498077
1	129747056576942223812751529220126938370675816303969671927665718647755427209404787719799348683783963761142099382229575470937314712879758633264997521106204722963
1	71130366042181523714604899267886849462096386603191495269989327989632416947287903927605734303800345615245414889750224116046852735994994580673196610554515760759
1	103402476561319437251786751713502179310640117562046895901743745318261939451150008487352780423117169088828982756396159131660702588437168047830480257935059343543
1	92864644555070322627400840710852275686625838065277785491374955986464544347848096794374153118850451219903736106062792595950057738660131813656673352668929641883
1	29637652517575634881085374694952853942540161084663123029162219995680173728036626636502389293250144006352256204062593381686188639997914408613831921065680759917
1	1317229000781139328048238875331237953001784937096138801296098666474674387912738961622328413033339733615655831291670816963830606222129529271725863160226934707
1	98792175058585449603617915649842846475133870282210410097207399985600579093455422121674630977500480021174187346875311272287295466659714695379439736884409121667
1	111964465066396842884100304403155226005151719653171798110168386650347322972582811737897915107833877357330745659792019441925601528881009988096698368468539342797
1	17123977010154811264627105379306093389023204182249804416849282664170767042865606501090269369433416537003525806791720620529797880887683880532436221062744850079
1	94840488056242031619473199023849132616128515470921993693319103986176555929717205236807645738400460820327219853000298821395803647993326107564262147405211258133
1	9220603005467975296337672127318665671012494559672971609072690665322720715389172731356298891233378135309590819041695718746814243554906704902081042110201034511
1	29637652517575634881085374694952853942540161084663123029162219995680173728036626636502389293250144006352256204062593381686188639997914408613831921067008802097
1	138309045082019629445065081909779985065187418395094574136090359979840810730837590970344483368500672029643862285625435781202213653323600573531215631635124948517
1	23051507513669938240844180318296664177531236399182429022681726663306801788472931828390747228083445338273977047604239296867035608887266762255202605277992849169
1	118550610070302539524341498779811415770160644338652492116648879982720694912146506546009557173000576025409024816250373526744754559991657634455327684257854493441
1	77057896545696650690821974206877420250604418820124119875821771988768451692895229254906212162450374416515866130562742792384090463994577462395962994766947973269
1	55323618032807851778026032763911994026074967358037829654436143991936324292335036388137793347400268811857544914250174312480885461329440229412486252654825763261
1	110647236065615703556052065527823988052149934716075659308872287983872648584670072776275586694800537623715089828500348624961770922658880458824972505308496343029
1	92206030054679752963376721273186656710124945596729716090726906653227207153891727313562988912333781353095908190416957187468142435549067049020810421088745275171
1	67178679039838105730460182641893135603091031791903078866101031990208393783549687042738749064700326414398447395875211665155360917328605992858019021080486875713
1	55323618032807851778026032763911994026074967358037829654436143991936324292335036388137793347400268811857544914250174312480885461329440229412486252653517719963
1	15806748009373671936578866503974855436021419245153665615553183997696092654952867539467940956400076803387869975500049803565967274665554351260710357901211839587
1	71130366042181523714604899267886849462096386603191495269989327989632416947287903927605734303800345615245414889750224116046852735994994580673196610553579439181
1	119867839071083678852389737655142653723162429275748630917944978649195369300059245507631885586033915759024680647542044343708585166213787163727053547418642795699
1	53347774531636142785953674450915137096572289952393621452491995992224312710465927945704300727850259211434061167312668087035139551996245935504897457915316812073
1	104061091061710006915810871151167798287141010030594965302391794651499276645106377968163944629633838955636810672041994540142617891548232812466343189518775231323
1	129747056576942223812751529220126938370675816303969671927665718647755427209404787719799348683783963761142099382229575470937314712879758633264997521106569347091
1	112623079566787412548124423840820844981652612121719867510816435983584660166539181218709079314350547224138573575437854850407516831992074752732561300042852792187
1	38858255523043610177423046822271519613552655644336094638234910661002894443425799367858688184483522141661847023104289100433002883552821113515912963175074085359
1	12513675507420823616458269315646760553516956902413318612312937331509406685171020135412119923816727469348730397270872761156390759110230528081395700009888159523
1	63226992037494687746315466015899421744085676980614662462212735990784370619811470157871763825600307213551479902000199214263869098662217405042841431605951635383
1	124478140573817666500558573718801986558668676555585116722481323981856729657753831873310035031650604826679476057062892203081992287991240516178094068472511644023
1	14489519008592532608530627628643617483019634308057526814257085331221418267040128577845612543366737069772214144208378986602136668443424821988984494742821006429
1	127771213075770514820679170907130081441173138898325463725721570648043415627535679277365856064233954160718615635292069245491568803546564339357408726366409452299
1	23051507513669938240844180318296664177531236399182429022681726663306801788472931828390747228083445338273977047604239296867035608887266762255202605277005912017
1	38858255523043610177423046822271519613552655644336094638234910661002894443425799367858688184483522141661847023104289100433002883552821113515912963178482524219
1	83644041549602347331063168583533610015613343505604813882302265321141823632458924063017854227617073084594145287021096877203243495105225108754592310562563060937
1	92206030054679752963376721273186656710124945596729716090726906653227207153891727313562988912333781353095908190416957187468142435549067049020810421089112830137
1	30954881518356774209133613570284091895541946021759261830458318662154848115949365598124717706283483739967912035354264198650019246220043937885557784224775210399
1	4610301502733987648168836063659332835506247279836485804536345332661360357694586365678149445616689067654795409520847859373407121777453352451040521060398052247
1	36223797521481331521326569071609043707549085770143817035642713328053545667600321444614031358416842674430535360520947466505341671108562054972461236860530030829
1	61909763036713548418267227140568183791083892043518523660916637324309696231898731196249435412566967479935824070708528397300038492440087875771115568448463033763
1	112623079566787412548124423840820844981652612121719867510816435983584660166539181218709079314350547224138573575437854850407516831992074752732561300047734305689
1	55982232533198421442050152201577613002575859826585899055084193325173661486291405868948957553916938678665372829896009720962800764440504994048349184237731387629
1	82985427049211777667039049145867991039112451037056744481654215987904486438502554582206690021100403217786317371375261468721328191994160344118729378983705833441
1	96816331557413740611545557336845989545631192876566201895263251985888567511586313679241138357950470420750703599937805046841549557326520401471850942146797600687
1	127771213075770514820679170907130081441173138898325463725721570648043415627535679277365856064233954160718615635292069245491568803546564339357408726367946300417
1	36223797521481331521326569071609043707549085770143817035642713328053545667600321444614031358416842674430535360520947466505341671108562054972461236860408301943
1	3951687002343417984144716625993713859005354811288416403888295999424023163738216884866985239100019200846967493875012450891491818666388587815177589480322665811
1	91547415554289183299352601835521037733624053128181646690078857319989869959935357832751824705817111486288080274771121778986227132438002284384947489512359799247
1	4610301502733987648168836063659332835506247279836485804536345332661360357694586365678149445616689067654795409520847859373407121777453352451040521059782132169
1	65861450039056966402411943766561897650089246854806940064804933323733719395636948081116420651666986680782791564583540848191530311106476463586293157924669898901
1	117233381069521400196293259904480177817158859401556353315352781316246020524233767584387228759967236291793368984958702709780923953769528105183601821100955716817
1	11196446506639684288410030440315522600515171965317179811016838665034732297258281173789791510783387735733074565979201944192560152888100998809669836849089626521
1	18441206010935950592675344254637331342024989119345943218145381330645441430778345462712597782466756270619181638083391437493628487109813409804162084222869141029
1	62568377537104118082291346578233802767584784512066593061564686657547033425855100677060599619083637346743651986354363805781953795551152640406978500029683254207
1	84302656049992916995087288021199228992114235974152883282950314654379160826415293543829018434133742951401973202666932285685158798216289873390455242139436622659
1	9879217505858544960361791564984284647513387028221041009720739998560057909345542212167463097750048002117418734687531127228729546665971469537943973693957335219
1	16465362509764241600602985941640474412522311713701735016201233330933429848909237020279105162916746670195697891145885212047882577776619115896573289483632799127
1	115257537568349691204220901591483320887656181995912145113408633316534008942364659141953736140417226691369885238021196484335178044436333811276013026365272416811
1	34906568520700192193278330196277805754547300833047678234346614661578871279687582482991702945383502940814879529229276649541511064886432525700735373702139968609
1	5268916003124557312192955501324951812007139748384555205184394665898697551650955846489313652133358934462623325166683267855322424888518117086903452635398614213
1	91547415554289183299352601835521037733624053128181646690078857319989869959935357832751824705817111486288080274771121778986227132438002284384947489514077307039
1	46761629527730446145712480074258947331563365266912927446011502659850940770902233137592658662683560543355782010854314002215986520885598289146268142123367989901
1	54665003532417282114001913326246375049574074889489760253788094658698987098378666907326629140883598945049716998604338903998970158218375464776623321077441409427
1	108671392564443994563979707214827131122647257310431451106928139984160637002800964333842094075250528023291606081562842399516025013325686164917383710568301235821
