sieve choosen 383
number of total trys 6326
1.5807777426493836% Erfolgsquote 
1	98133560558194879939593796212177227498632977813662340696559350652363241899499052640863466770983810154366359431229475863805380163548649930743576805304543332401
1	13172290007811393280482388753312379530017849370961388012960986664746743879127389616223284130333397336156558312916708169638306062221295292717258631588166679743
1	1317229000781139328048238875331237953001784937096138801296098666474674387912738961622328413033339733615655831291670816963830606222129529271725863160225491777
1	54006389032026712449977793888580756073073182420941690853140045325461649904422297426515464934366929078241889082958503495517054855107310700140760389500012427421
1	95499102556632601283497318461514751592629407939470063093967153319413893123673574717618809944917130687135047768646134229877718951104390872200125078987012892101
1	129747056576942223812751529220126938370675816303969671927665718647755427209404787719799348683783963761142099382229575470937314712879758633264997521103994175063
1	25027351014841647232916538631293521107033913804826637224625874663018813370342040270824239847633454938697460794541745522312781518220461056162791400015391844961
1	105378320062491146243859110026499036240142794967691104103687893317973951033019116929786273042667178689252466503333665357106448497770362341738069052672765860839
1	115257537568349691204220901591483320887656181995912145113408633316534008942364659141953736140417226691369885238021196484335178044436333811276013026361671774943
1	89571572053117474307280243522524180804121375722537438488134709320277858378066249390318332086267101885864596527833615553540481223104807990477358694773274091739
1	88254343052336334979232004647192942851119590785441299686838610653803183990153510428696003673233762152248940696541944736576650616882678461205632831614811596251
1	92864644555070322627400840710852275686625838065277785491374955986464544347848096794374153118850451219903736106062792595950057738660131813656673352670992794617
1	61251148536322978754243107702902564814582999574970454260268587991072359037942361715438271206050297613127996155062692988818123189329023111135252636866718772077
1	65861450039056966402411943766561897650089246854806940064804933323733719395636948081116420651666986680782791564583540848191530311106476463586293157924898405421
1	59933919535541839426194868827571326861581214637874315458972489324597684650029622753815942793016957879512340323771022171854292583106893581863526773711423936881
1	7244759504296266304265313814321808741509817154028763407128542665610709133520064288922806271683368534886107072104189493301068334221712410994492247376301534523
1	104719705562100576579834990588833417263641902499143034703039843984736613839062747448975108836150508822444638587687829948624533194659297577102206121097396214597
1	119867839071083678852389737655142653723162429275748630917944978649195369300059245507631885586033915759024680647542044343708585166213787163727053547417974505877
1	102743862060928867587762632275836560334139225093498826501095695985024602257193639006541616216600499222021154840750323723178787285326103283194617326355542206989
1	79033740046868359682894332519874277180107096225768328077765919988480463274764337697339704782000384016939349877500249017829836373327771756303551789508473253279
1	35565183021090761857302449633943424731048193301595747634994663994816208473643951963802867151900172807622707444875112058023426367997497290336598305277990159429
1	69813137041400384386556660392555611509094601666095356468693229323157742559375164965983405890767005881629759058458553299083022129772865051401470747397352571811
1	17123977010154811264627105379306093389023204182249804416849282664170767042865606501090269369433416537003525806791720620529797880887683880532436221060659278113
1	20417049512107659584747702567634188271527666524990151420089529330357453012647453905146090402016765871042665385020897662939374396443007703711750878961025914869
1	35565183021090761857302449633943424731048193301595747634994663994816208473643951963802867151900172807622707444875112058023426367997497290336598305279092510881
1	65861450039056966402411943766561897650089246854806940064804933323733719395636948081116420651666986680782791564583540848191530311106476463586293157924176534717
1	67837293540228675394484302079558754579591924260451148266749081323445730977506056523549913271216996281206275311521047073637276220439670757493881952659643241087
1	64544221038275827074363704891230659697087461917710801263508834657259045007724209119494092238633646947167135733291870031227699704884346934314567294766247122897
1	114598923067959121540196782153817701911155289527364075712760583983296671748408289661142571933900556824562057322375361075853262741325269046640150094784421259639
1	136991816081238490117016843034448747112185633457998435334794261313366136342924852008722154955467332296028206454333764964238383047101471044259489768477340161933
1	135674587080457350788968604159117509159183848520902296533498162646891461955012113047099826542433992562412550623042094147274552440879341514987763905318650837417
1	56640847033588991106074271639243231979076752295133968455732242658410998680247775349760121760433608545473200745541845129444716067551569758684212115814962629699
1	17782591510545380928651224816971712365524096650797873817497331997408104236821975981901433575950086403811353722437556029011713183998748645168299152642538342643
1	90888801053898613635328482397855418757123160659633577289430807986752532765978988351940660499300441619480252359125286370504311829326937519749084557930726592207
1	79033740046868359682894332519874277180107096225768328077765919988480463274764337697339704782000384016939349877500249017829836373327771756303551789507898532209
1	88912957552726904643256124084858561827620483253989369087486659987040521184109879909507167879750432019056768612187780145058565919993743225841495763193217526143
1	55982232533198421442050152201577613002575859826585899055084193325173661486291405868948957553916938678665372829896009720962800764440504994048349184234134011427
1	4610301502733987648168836063659332835506247279836485804536345332661360357694586365678149445616689067654795409520847859373407121777453352451040521056973551719
1	61909763036713548418267227140568183791083892043518523660916637324309696231898731196249435412566967479935824070708528397300038492440087875771115568447090773987
1	129747056576942223812751529220126938370675816303969671927665718647755427209404787719799348683783963761142099382229575470937314712879758633264997521103879120003
1	42809942525387028161567763448265233472558010455624511042123206660426917607164016252725673423583541342508814516979301551324494702219209701331090552652823407401
1	84302656049992916995087288021199228992114235974152883282950314654379160826415293543829018434133742951401973202666932285685158798216289873390455242142025025337
1	8561988505077405632313552689653046694511602091124902208424641332085383521432803250545134684716708268501762903395860310264898940443841940266218110534623374939
1	110647236065615703556052065527823988052149934716075659308872287983872648584670072776275586694800537623715089828500348624961770922658880458824972505306208047421
1	52689160031245573121929555013249518120071397483845552051843946658986975516509558464893136521333589344626233251666832678553224248885181170869034526340400321921
1	67178679039838105730460182641893135603091031791903078866101031990208393783549687042738749064700326414398447395875211665155360917328605992858019021082694813531
1	65861450039056966402411943766561897650089246854806940064804933323733719395636948081116420651666986680782791564583540848191530311106476463586293157925657666991
1	79692354547258929346918451957539896156607988694316397478413969321717800468720707178150868988517053883747177793146084426311751676438836520939414721086721349493
1	129088442076551654148727409782461319394174923835421602527017669314518090015448418238988184477267293894334271466583740062455399409768693868629134589523335195771
1	92206030054679752963376721273186656710124945596729716090726906653227207153891727313562988912333781353095908190416957187468142435549067049020810421088877938081
1	61251148536322978754243107702902564814582999574970454260268587991072359037942361715438271206050297613127996155062692988818123189329023111135252636869813373809
1	113940308567568551876172662716152082934654397058816006312112534650059334554451920180331407727383886957754229406729525667371347438214204282004287163205889087187
1	121185068071864818180437976530473891676164214212844769719241077315670043687971984469254213999067255492640336478833715160672415772435916692998779410573450815143
1	126453984074989375492630932031798843488171353961229324924425471981568741239622940315743527651200614427102959804000398428527738197324434810085682863208114755047
1	27661809016403925889013016381955997013037483679018914827218071995968162146167518194068896673700134405928772457125087156240442730664720114706243126328683274783
1	46761629527730446145712480074258947331563365266912927446011502659850940770902233137592658662683560543355782010854314002215986520885598289146268142126078767021
1	138309045082019629445065081909779985065187418395094574136090359979840810730837590970344483368500672029643862285625435781202213653323600573531215631636333641181
1	96816331557413740611545557336845989545631192876566201895263251985888567511586313679241138357950470420750703599937805046841549557326520401471850942143238065257
1	102743862060928867587762632275836560334139225093498826501095695985024602257193639006541616216600499222021154840750323723178787285326103283194617326359581570309
1	14489519008592532608530627628643617483019634308057526814257085331221418267040128577845612543366737069772214144208378986602136668443424821988984494747472427931
1	28320423516794495553037135819621615989538376147566984227866121329205499340123887674880060880216804272736600372770922564722358033775784879342106057909652753583
1	66520064539447536066436063204227516626590139323355009465452982656971056589593317561927584858183656547590619480229376256673445614217541228222156089501926453729
1	87595728551945765315207885209527323874618698316893230286190561320565846796197140947884839466717092285441112780896109328094735313771613696569769900037114634227
1	3951687002343417984144716625993713859005354811288416403888295999424023163738216884866985239100019200846967493875012450891491818666388587815177589477631774637
1	65202835538666396738387824328896278673588354386258870664156883990496382201680578600305256445150316813974963648937705439709615007995411698950430226342206854021
1	23051507513669938240844180318296664177531236399182429022681726663306801788472931828390747228083445338273977047604239296867035608887266762255202605277234347563
1	60592534035932409090218988265236945838082107106422384859620538657835021843985992234627106999533627746320168239416857580336207886217958346499389705292100629531
1	9879217505858544960361791564984284647513387028221041009720739998560057909345542212167463097750048002117418734687531127228729546665971469537943973693106052891
1	55982232533198421442050152201577613002575859826585899055084193325173661486291405868948957553916938678665372829896009720962800764440504994048349184236741503993
1	111964465066396842884100304403155226005151719653171798110168386650347322972582811737897915107833877357330745659792019441925601528881009988096698368467942202383
1	52030545530855003457905435575583899143570505015297482651195897325749638322553188984081972314816919477818405336020997270071308945774116406233171594757991701241
1	34906568520700192193278330196277805754547300833047678234346614661578871279687582482991702945383502940814879529229276649541511064886432525700735373700570223853
1	44785786026558737153640121761262090402060687861268719244067354660138929189033124695159166043133550942932298263916807776770240611552403995238679347391424665249
1	27003194516013356224988896944290378036536591210470845426570022662730824952211148713257732467183464539120944541479251747758527427553655350070380194748587580567
1	84302656049992916995087288021199228992114235974152883282950314654379160826415293543829018434133742951401973202666932285685158798216289873390455242139436486609
1	44785786026558737153640121761262090402060687861268719244067354660138929189033124695159166043133550942932298263916807776770240611552403995238679347390431027737
1	54665003532417282114001913326246375049574074889489760253788094658698987098378666907326629140883598945049716998604338903998970158218375464776623321077861465451
1	108012778064053424899955587777161512146146364841883381706280090650923299808844594853030929868733858156483778165917006991034109710214621400281520778993138862257
1	102743862060928867587762632275836560334139225093498826501095695985024602257193639006541616216600499222021154840750323723178787285326103283194617326359082405677
1	84302656049992916995087288021199228992114235974152883282950314654379160826415293543829018434133742951401973202666932285685158798216289873390455242142099008247
1	65861450039056966402411943766561897650089246854806940064804933323733719395636948081116420651666986680782791564583540848191530311106476463586293157920631033779
1	94181873555851461955449079586183513639627623002373924292671054652939218735760835755996481531883790953519391937354463412913888344882261342928399215829948244597
1	28979038017185065217061255257287234966039268616115053628514170662442836534080257155691225086733474139544428288416757973204273336886849643977968989488258628953
1	48737473028902155137784838387255804261066042672557135647955650659562952352771341580026151282233570143779265757791820227661732430218792583053856936865507305153
1	33589339519919052865230091320946567801545515895951539433050515995104196891774843521369374532350163207199223697937605832577680458664302996429009510544023876147
1	24368736514451077568892419193627902130533021336278567823977825329781476176385670790013075641116785071889632878895910113830866215109396291526928468435361319709
1	27003194516013356224988896944290378036536591210470845426570022662730824952211148713257732467183464539120944541479251747758527427553655350070380194751260790603
1	113281694067177982212148543278486463958153504590267936911464485316821997360495550699520243520867217090946401491083690258889432135103139517368424231625275786287
1	40834099024215319169495405135268376543055333049980302840179058660714906025294907810292180804033531742085330770041795325878748792886015407423501757914287346317
1	92864644555070322627400840710852275686625838065277785491374955986464544347848096794374153118850451219903736106062792595950057738660131813656673352669714738979
1	51371931030464433793881316137918280167069612546749413250547847992512301128596819503270808108300249611010577420375161861589393642663051641597308663181348221301
1	114598923067959121540196782153817701911155289527364075712760583983296671748408289661142571933900556824562057322375361075853262741325269046640150094783148222707
1	133040129078895072132872126408455033253180278646710018930905965313942113179186635123855169716367313095181238960458752513346891228435082456444312179003349699703
1	90888801053898613635328482397855418757123160659633577289430807986752532765978988351940660499300441619480252359125286370504311829326937519749084557929427740059
1	111964465066396842884100304403155226005151719653171798110168386650347322972582811737897915107833877357330745659792019441925601528881009988096698368465586780303
1	113281694067177982212148543278486463958153504590267936911464485316821997360495550699520243520867217090946401491083690258889432135103139517368424231624294939711
1	75740667544915511362773735331546182297602633883027981074525673322293777304982490293283883749417034682900210299271071975420259857772447933124237131613443242931
1	61251148536322978754243107702902564814582999574970454260268587991072359037942361715438271206050297613127996155062692988818123189329023111135252636866712268479
1	82326812548821208003014929708202372062611558568508675081006166654667149244546185101395525814583733350978489455729426060239412888883095579482866447404513562309
1	117891995569911969860317379342145796793659751870104422716000830649483357718190137065198392966483906158601196900604538118262839256880592869819464752678489339707
