sieve choosen 743
number of total trys 11774
0.8493290300662477% Erfolgsquote 
1	595273979868832359619750847154058782993271896203804618555734077060319222597042195487222354188201158734037000537166435368805475640983269751549737434481404333444030731995460050569819267320060182721655701076715355043673726731284331770437060029591595173706062129486475527383680573582984550233942690678231862680894507
1	121958571485321751726973344294977897003499608002730702338247957251382474873540352246162628662948530082095385475907269685316243789859986973488238889015702351242191662164923522555767849889963549630778241196205097130899007427872887484674909859721204864856851753358204742195680898002367566389393136626759702339967063
1	162611428647095668969297792393303862671332810670307603117663943001843299831387136328216838217264706776127180634543026247088325053146649297984318518687603134989588882886564696741023799853284732841037654928273462841198676570497183312899879812961606486475802337810939656260907864003156755185857515502346268016204363
1	174226530693316788181390491849968424290713725718186717626068510359117821247914788923089469518497900117279122108438956693308919699799981390697484127165289073203130945949890746508239785557090785186826058851721567329855724896961267835249871228173149806938359647654578203136686997146239380556275909466799572995108617
1	516872041056839804938125125821572992062450719630620595624003247398716203035480540471832092904877103681261395588368904856816461776073278125735869577257024250502621806318009214641111363819369329387583974593440649745238650527651761244574617976913677760583800288041915335972171424867176828983618531418172055712235663
1	290377551155527980302317486416614040484522876196977862710114183931863035413191314871815782530829833528798536847398261155514866166333302317829140211942148455338551576583151244180399642595151308644710098086202612216426208161602113058749785380288583011563932746090963671894478328577065634260459849111332618502463579
1	389105918548407493605105431798262814249260654103950336031553006468696467453676361928233148591311976928590039375513669948389920662886625105891047884002478930153659112621422667201735521077502753583911531435511500370011118936546831498724712409586701235495669879761891320338600960293267949909016197809185707903187079
1	467507857360400048286731153130748605180081830677134358963283836130299487015238016943623409874636031981365644324311200460378934527796616731704915741226859013095068038298873503130443424578193606917983257918786205668446195140179402024587154462264618648617931721206451511750110109009075671159340357069245511206184813
1	49364183696439756651393972690824386882368888953486236660719411268416716020242523528208683030241071699895751264057704396437527248276661394030953836030165237407553768019135711510667939241175722469600716674654444076792455387472359219987463514649059111965868566835463824222061315858101157824278174348926545045966193
1	165515204158650948772320967257470003076178039432277381744765084841161930185519049476934996042573005111415166003017008858643473714809982321162609920807024619542974398652396209182827796279236245927484755909135488963362938652113204443487377666764492316591441665271849292979852647288927411528462113993459594546799763
1	502353163499063405923009251500742290038224575820771702488497538202123051264820974728241303778335612004821468745998991799040718467756613009844412566659916827735694227488851652432091381689611763955348469689130519134417340119571655591637128707899248610005603650737367152377447508438323547270595538962605425962786641
1	98728367392879513302787945381648773764737777906972473321438822536833432040485047056417366060482143399791502528115408792875054496553322788061907672060330474815107536038271423021335878482351444939201433349308888153584910774944718439974927029298118223931737133670927648444122631716202315648556348697853089555929279
1	49364183696439756651393972690824386882368888953486236660719411268416716020242523528208683030241071699895751264057704396437527248276661394030953836030165237407553768019135711510667939241175722469600716674654444076792455387472359219987463514649059111965868566835463824222061315858101157824278174348926546962557291
1	409432347129294452226267655847425797083177255437738786421260999343926879932599753969260253368470065275605936954831548229275961294529956268139087698838429322027357722982243254294363496059163345189041238301545683225160953507858979412837197386206902046305145171988258777371214443293662544307248387246978988256143057
1	557524898218613722180449573919898957730283922298197496403419233149177027993327324553886302459193280375293190747004661418588543039359940450231949206928925034250019027039650388826367313782690512597843388325509015455538319670276057072799587930154079382202750872494650250037398390867966017780082910293758624453117797
1	156803877623985109363251442664971581861642353146368045863461659323206039123123310030780522566648110105551209897595061023978027729819983251627735714448760165882817851354901671857415807001381706668143452966549410596870152407265141051724884105355834826244523682889120382823018297431615442500648318520119613429036913
1	162611428647095668969297792393303862671332810670307603117663943001843299831387136328216838217264706776127180634543026247088325053146649297984318518687603134989588882886564696741023799853284732841037654928273462841198676570497183312899879812961606486475802337810939656260907864003156755185857515502346265723998821
1	5807551023110559606046349728332280809690457523939557254202283678637260708263826297436315650616596670575970736947965223110297323326666046356582804238842969106771031531663024883607992851903026172894201961724052244328524163232042261174995707605771660231278654921819273437889566571541312685209196982226654756032987
1	316511530759525498529526060194109304128129935054705870354024460485730708600378533210279202958604518546390405163664104659511204121303299526433762831016941816319021218475634856156635610428714926422734006913960847315904566896146303234037266064514555482604686693239150402364981378149001541343901235531352552531991733
1	406528571617739172423244480983259656678332026675769007794159857504608249578467840820542095543161766940317951586357565617720812632866623244960796296719007837473972207216411741852559499633211832102594137320683657102996691426242958282249699532404016216189505844527349140652269660007891887964643788755865663097791963
1	63883061254216155666509847011655088906595032763335129796225120465009867790902089271799472156782563376335678106427617454213270556593326509922410846627272660174481346848293273719687921370933287901836221578964574687613765795552464872924952783663488262544065204140012007816785232286954439537301166804493175784683907
1	537198469637726763559287349870735974896367320964409046013711240273946615514403932512859197682035192028277293167686783137702502407716609287983909392092974642376320416678829801733739338801029920992713681459474832600388485098963909158687102953533878571393275580268282793004784907867571423381850720855965341034819389
1	444277653267957809862545754217419481941320000581376129946474701415750444182182711753878147272169645299061761376519339567937745234489952546278584524271487136667983912172221403596011453170581502226406450071889996691132098487251232979887171631841532007692817101519174417998551842722910420418503569140338904319033109
1	278762449109306861090224786959949478865141961149098748201709616574588513996663662276943151229596640187646595373502330709294271519679970225115974603464462517125009513519825194413183656891345256298921694162754507727769159835138028536399793965077039691101375436247325125018699195433983008890041455146879313911078577
1	505256939010618685726032426364908430443069804582741481115598680041441681618952887876959461603643910340109454114472974410595867129419946033022703968779338312289079743254683164873895378115563277041795570669992545256581602201187676722224626561702134440121242978198276789096392291724094203613200137453718752116876143
1	455892755314178929074638453674084043560700915629255244454879268773024965598710364348750778573402838640213702850415270014158339881143284638991750132749173074881525975235547453363227438874387554572194853995338101179789146813715317502237163047053075328155374411362812964874330975865993045788921963104792208907594473
1	331030408317301897544641934514940006152356078864554763489530169682323860371038098953869992085146010222830332006034017717286947429619964642325219841614049239085948797304792418365655592558472491854969511818270977926725877304226408886974755333528984633182883330543698585959705294577854823056924227986919184571304993
1	200360510297314306408599065627463687934320784575914725269978786912985494435102007261552889946272585134870990424704800197305257654769978599302106746240082434183600587842374358484475753390654402964849967679479802429334083631505458010537351912399122277979113594802764933607190046718175287639717295886819507934263909
1	299088877690193819711387011009112461699058562482887198591417609449818926475587054317970256006754728534662492952820208990180312151323301387364014418300412908998708123880645781505811631873005847904051401028788690582918994406450176450512278941697240501910850728473692582051312678434377603288273644584672596942658819
1	505256939010618685726032426364908430443069804582741481115598680041441681618952887876959461603643910340109454114472974410595867129419946033022703968779338312289079743254683164873895378115563277041795570669992545256581602201187676722224626561702134440121242978198276789096392291724094203613200137453718750196575021
1	206168061320424866014645415355795968744011242099854282524181070591622755143365833558989205596889181805446961161652765420415554978096644645658689550478925403290371619374037383368083746242557429137744169641203854673662607794737500271712347620004893938210392249724584207045079613289716600324926492869046160225396833
1	519775816568395084741148300685739132467295948392590374251104389238034833389612453620550250730185402016549380956842887468371610437736611148914160979376445735056007322083840727082915360245320842474031075574302675867402912609267782375162115830716563590699439615502824972691116208152947485326223129909285382854391613
1	40652857161773917242324448098325965667833202667576900779415985750460824957846784082054209554316176694031795158635756561772081263286662324496079629671900783747397220721641174185255949963321183210259413732068365710299669142624295828224969953240401621618950584452734914065226966000789188796464378875586566600284873
1	601081530891942919225797196882391063802962353727744175809936360738956483305306021784658669838817755404612971274114400591915772964309935797906320238720247302550801763527123075453427260171963208894549903038439407288002250894516374031612055737197366833937340784408294800821570140154525862919151887660458513989829067
1	101632142904434793105811120245814914169583006668942251948539964376152062394616960205135523885790441735079487896589391404430203158216655811240199074179751959368493051804102935463139874908302958025648534330170914275749172856560739570562424883101004054047376461131837285163067415001972971991160947188966417624106617
1	223590714389756544832784464540792811173082614671672954286787921627534537268157312451298152548738971817174873372496661089746446948076642784728437963195454310610684713969026458018907724798266507656426775526376011406648180284433627055237334742822208918904228214490042027358748313004340538380554083815726114823269079
1	214879387855090705423714939948294389958546928385763618405484496109578646205761573005143679072814076811310917267074713255081000963086643715193563756837189856950528166671531920693495735520411968397085472583789933040155394039585563663474841181413551428557310232107313117201913963147028569352740288342386138669105327
1	98728367392879513302787945381648773764737777906972473321438822536833432040485047056417366060482143399791502528115408792875054496553322788061907672060330474815107536038271423021335878482351444939201433349308888153584910774944718439974927029298118223931737133670927648444122631716202315648556348697853090485298929
1	223590714389756544832784464540792811173082614671672954286787921627534537268157312451298152548738971817174873372496661089746446948076642784728437963195454310610684713969026458018907724798266507656426775526376011406648180284433627055237334742822208918904228214490042027358748313004340538380554083815726113890349657
1	287473775643972700499294311552447900079677647435008084083013042092544405059059401723097624705521535193510551478924278543959717504669969294650848809822726970785166060817319731738595646169199795558262997105340586094261946079986091928162287526485697181448293418630054035175533545291294977917855250620219292356455763
1	406528571617739172423244480983259656678332026675769007794159857504608249578467840820542095543161766940317951586357565617720812632866623244960796296719007837473972207216411741852559499633211832102594137320683657102996691426242958282249699532404016216189505844527349140652269660007891887964643788755865664398851469
1	328126632805746617741618759650773865747510850102584984862429027843005230016906185805151834259837711887542346637560035105731798767956631619146928439494627754532563281538960905923851596132520978768522410837408951804561615222610387756387257479726098803067244003082788949240760511292084166714319629495805857121402087
1	235205816435977664044877163997457372792463529719552068795192488984809058684684965046170783849972165158326814846392591535967041594729974877441603571673140248824226777032352507786123710502072560002215179449824115895305228610897711577587326158033752239366785524333680574234527446147423163750972477780179419410644587
1	209071836831980145817668590219962109148856470861824061151282212430941385497497746707707363422197480140734946530126748031970703639759977668836980952598346887843757135139868895809887742668508942224191270622065880795826869876353521402299845473807779768326031577185493843764024396575487256667531091360159486372156801
1	188745408251093187196506366170799126314939869528035610761574219555710973018574354666680258645039391793719048950808869751084663008116646506588941137762396495970058524779048308717259767686848350619061563756031697940677035305041373488187360497187578957516556284959126386731410913575092662269298901922366202047035699
1	284570000132417420696271136688281759674832418673038305455911900253225774704927488574379466880213236858222566110450295932404568843006636271472557407703305486231780545051488219296791649743248282471815896124478559972097683998370070797574789672682811351332654091169144398456588762005524321575250652129105966591677563
1	435566326733291970453476229624921060726784314295466794065171275897794553119786972307723673796244750293197805271097391733272299249499953476743710317913222683007827364874726866270599463892726962967065147129303918324639312242403169588124678070432874517345899119136445507841717492865598451390689773666998926262007751
1	528487143103060924150217825278237553681831634678499710132407814755990724452008193066704724206110297022413337062264835303037056422726610218449035185734710188716163869381335264408327349523175381733372378516888754233895698854115845766924609392125221081046357597885553882847950558010259454354036925382625359369512707
1	29037755115552798030231748641661404048452287619697786271011418393186303541319131487181578253082983352879853684739826115551486616633330231782914021194214845533855157658315124418039964259515130864471009808620261221642620816160211305874978538028858301156393274609096367189447832857706563426045984911133265620849187
1	351356836898188856165804158564102988986272680198343213879238162557554272849961490994897096862304098569846229585351895998172988061263295804573259656449999630959647407665613005458283567540133083460099218684305160781875711875538556801087240310149185443992358622770066042992318777578249417455156417424712466300548309
1	528487143103060924150217825278237553681831634678499710132407814755990724452008193066704724206110297022413337062264835303037056422726610218449035185734710188716163869381335264408327349523175381733372378516888754233895698854115845766924609392125221081046357597885553882847950558010259454354036925382625359372374177
1	258436020528419902469062562910786496031225359815310297812001623699358101517740270235916046452438551840630697794184452428408230888036639062867934788628512125251310903159004607320555681909684664693791987296720324872619325263825880622287308988456838880291900144020957667986085712433588414491809265709086030881894553
1	46460408184884476848370797826658246477523660191516458033618269429098085666110610379490525204932773364607765895583721784882378586613328370852662433910743752854168252253304199068863942815224209383153615693792417954628193305856338089399965660846173281850229239374554187503116532572330501481673575857813220814219249
1	574947551287945400998588623104895800159355294870016168166026084185088810118118803446195249411043070387021102957848557087919435009339938589301697619645453941570332121634639463477191292338399591116525994210681172188523892159972183856324575052971394362896586837260108070351067090582589955835710501240438580955337157
1	267147347063085741878132087503284917245761046101219633693305049217313992580136009682070519928363446846494653899606400263073676873026638132402808994986776578911467450456499144645967671187539203953133290239306403239112111508673944014049802549865496370638818126403686578142920062290900383519623061182426009708085257
1	177130306204872067984413666714134564695558954480156496253169652198436451602046702071807627343806198452567107476912939304864068361463314413875775529284710557756516461715722258950043781983042298273273159832583593452019986978577288965837369081976035637053998975115487839855631780432010036898880507957912896466947307
1	60979285742660875863486672147488948501749804001365351169123978625691237436770176123081314331474265041047692737953634842658121894929993486744119444507851175621095831082461761277883924944981774815389120598102548565449503713936443742337454929860602432428425876679102371097840449001183783194696568313379852854588137
1	209071836831980145817668590219962109148856470861824061151282212430941385497497746707707363422197480140734946530126748031970703639759977668836980952598346887843757135139868895809887742668508942224191270622065880795826869876353521402299845473807779768326031577185493843764024396575487256667531091360159486376083701
1	142285000066208710348135568344140879837416209336519152727955950126612887352463744287189733440106618429111283055225147966202284421503318135736278703851652743115890272525744109648395824871624141235907948062239279986048841999185035398787394836341405675666327045584572199228294381002762160787625326064552981763039437
1	429758775710181410847429879896588779917093856771527236810968992219157292411523146010287358145628153622621834534149426510162001926173287430387127513674379713901056333343063841386991471040823936794170945167579866080310788079171127326949682362827102857114620464214626234403827926294057138705480576684772271288199019
1	139381224554653430545112393479974739432570980574549374100854808287294256998331831138471575614798320093823297686751165354647135759839985112557987301732231258562504756759912597206591828445672628149460847081377253863884579917569014268199896982538519845550687718123662562509349597716991504445020727573439657535679467
1	563332449241724281786495923648231238539974379822137053657621516827814288701591150851322618109809877045869161483952626641698840362686606496588532011167768003356790058571313413709975306634593538770737590287233067699866843833508099333974583637759851042434029527416469523475287957439507330465292107275985275060505371
1	226494489901311824635807639404958951577927843433642732913889063466853167622289225600016310374047270152462858740970643701301595609739975807906729365314875795164070229734857970460711721224218020742873876507238037528812442366049648185824832596625094749019867541950951664077693096290111194723158682306839443263150171
1	191649183762648466999529541034965266719785098290005389388675361395029603372706267815398416470347690129007034319282852362639811669779979529767232539881817980523444040544879821159063764112799863705508664736893724062841297386657394618774858350990464787632195612420036023450355696860863318611903500413479529878197437
1	49364183696439756651393972690824386882368888953486236660719411268416716020242523528208683030241071699895751264057704396437527248276661394030953836030165237407553768019135711510667939241175722469600716674654444076792455387472359219987463514649059111965868566835463824222061315858101157824278174348926546963631069
1	322319081782636058135572409922441584937820392578645427608226744164367969308642359507715518609221115216966375900612069882621501444629965572790345635255784785425792250007297881040243603280617952595628208875684899560233091059378345495212261772120327142835965348160969675802870944720542854029110432513579206124701453
1	537198469637726763559287349870735974896367320964409046013711240273946615514403932512859197682035192028277293167686783137702502407716609287983909392092974642376320416678829801733739338801029920992713681459474832600388485098963909158687102953533878571393275580268282793004784907867571423381850720855965341034096629
1	252628469505309342863016213182454215221534902291370740557799340020720840809476443938479730801821955170054727057236487205297933564709973016511351984389669156144539871627341582436947689057781638520897785334996272628290801100593838361112313280851067220060621489099138394548196145862047101806600068726859378585489421
1	23230204092442238424185398913329123238761830095758229016809134714549042833055305189745262602466386682303882947791860892441189293306664185426331216955371876427084126126652099534431971407612104691576807846896208977314096652928169044699982830423086640925114619687277093751558266286165250740836787928906611639411733
1	37749081650218637439301273234159825262987973905607122152314843911142194603714870933336051729007878358743809790161773950216932601623329301317788227552479299194011704955809661743451953537369670123812312751206339588135407061008274697637472099437515791503311256991825277346282182715018532453859780384473243672467951
1	310703979736414938923479710465777023318439477530766313099822176807093447892114706912842887307987921875814434426716139436400906797976633480077180026778098847212250186943971831273027617576811900249839804952236795071576042732914260972862270356908783822373408038317331128927091811577460228658692038549125899245461557
1	78401938811992554681625721332485790930821176573184022931730829661603019561561655015390261283324055052775604948797530511989013864909991625813867857224380082941408925677450835928707903500690853334071726483274705298435076203632570525862442052677917413122261841444560191411509148715807721250324159260059810124819599
1	229398265412867104438830814269125091982773072195612511540990205306171797976421138748734468199355568487750844109444626312856744271403308831085020767434297279717455745500689482902515717650169533829320977488100063650976704447665669316412330450427980579135506869411861300796637879575881851065763280797952768108555267
1	499449387987508126119986076636576149633379347058801923861396396362804420910689061579523145953027313669533483377525009187485569806093279986666121164540495343182308711723020139990287385263660250868901368708268493012253078037955634461049630854096362779889964323276457515658502725152552890927990940471492101507770577
1	432662551221736690650453054760754920321939085533497015438070134058475922765655059159005515970936451957909819902623409121717150587836620453565418915793801198454441849108895353828795467466775449880618046148441892202475050160787148457537180216629988687230259791675535871122772709579827795048085175175885598424940261
1	223590714389756544832784464540792811173082614671672954286787921627534537268157312451298152548738971817174873372496661089746446948076642784728437963195454310610684713969026458018907724798266507656426775526376011406648180284433627055237334742822208918904228214490042027358748313004340538380554083815726114818554579
1	264243571551530462075108912639118776840915817339249855066203907377995362226004096533352362103055148511206668531132417651518528211363305109224517592867355094358081934690667632204163674761587690866686189258444377116947849427057922883462304696062610540523178798942776941423975279005129727177018462691312679956603233
1	139381224554653430545112393479974739432570980574549374100854808287294256998331831138471575614798320093823297686751165354647135759839985112557987301732231258562504756759912597206591828445672628149460847081377253863884579917569014268199896982538519845550687718123662562509349597716991504445020727573439658837724167
1	255532245016864622666039388046620355626380131053340519184900481860039471163608357087197888627130253505342712425710469816853082226373306039689643386509090640697925387393173094878751685483733151607344886315858298750455063182209859491699811134653953050176260816560048031267140929147817758149204667217972704735311497
1	583658877822611240407658147697394221373890981155925504047329509703044701180514542892349722886967965392885059063270504922584880994329937658836571826003718395230488668932134000802603281616254130375867297153267250555016678404820247248087068614380051853243504819642836980507901440439901924863524296713778559396349859
1	487834285941287006907893377179911588013998432010922809352991829005529899494161408984650514651794120328381541903629078741264975159439947893952955556062809404968766648659694090223071399559854198523112964784820388523596029711491549938699639438884819459427407013432818968782723592009470265557572546507038794238480949
1	37749081650218637439301273234159825262987973905607122152314843911142194603714870933336051729007878358743809790161773950216932601623329301317788227552479299194011704955809661743451953537369670123812312751206339588135407061008274697637472099437515791503311256991825277346282182715018532453859780384473240455158193
1	5807551023110559606046349728332280809690457523939557254202283678637260708263826297436315650616596670575970736947965223110297323326666046356582804238842969106771031531663024883607992851903026172894201961724052244328524163232042261174995707605771660231278654921819273437889566571541312685209196982226656445570507
1	508160714522173965529055601229074570847915033344711259742699821880760311973084801025677619428952208675397439482946957022151015791083279056200995370898759796842465259020514677315699374541514790128242671650854571378745864282803697852812124415505020270236882305659186425815337075009864859955804735944832079944532689
1	397817245083073333014174956390761235463796340389859671912856431986652358516072101374387622067236871934453995480935617783055366647876624175425922090360743383813815659918917204527147510355357292843252834378097578736503905181394894890487205970995358725842587862144620230495435310150579918936829993282525685954535587
1	595273979868832359619750847154058782993271896203804618555734077060319222597042195487222354188201158734037000537166435368805475640983269751549737434481404333444030731995460050569819267320060182721655701076715355043673726731284331770437060029591595173706062129486475527383680573582984550233942690678231860764107123
1	90017040858213673893718420789150352550202091621063137440135397018877540978089307610262892584557248393927546422693460958209608511563323718527033465702066021154950988740776885695923889204496905679860130406722809787092124530096655048212433467889460733584819151288198738287288281858890346620742553224513111106533963
1	121958571485321751726973344294977897003499608002730702338247957251382474873540352246162628662948530082095385475907269685316243789859986973488238889015702351242191662164923522555767849889963549630778241196205097130899007427872887484674909859721204864856851753358204742195680898002367566389393136626759702337701303
1	206168061320424866014645415355795968744011242099854282524181070591622755143365833558989205596889181805446961161652765420415554978096644645658689550478925403290371619374037383368083746242557429137744169641203854673662607794737500271712347620004893938210392249724584207045079613289716600324926492869046158923562673
1	557524898218613722180449573919898957730283922298197496403419233149177027993327324553886302459193280375293190747004661418588543039359940450231949206928925034250019027039650388826367313782690512597843388325509015455538319670276057072799587930154079382202750872494650250037398390867966017780082910293758624063388121
1	502353163499063405923009251500742290038224575820771702488497538202123051264820974728241303778335612004821468745998991799040718467756613009844412566659916827735694227488851652432091381689611763955348469689130519134417340119571655591637128707899248610005603650737367152377447508438323547270595538962605427651101697
1	229398265412867104438830814269125091982773072195612511540990205306171797976421138748734468199355568487750844109444626312856744271403308831085020767434297279717455745500689482902515717650169533829320977488100063650976704447665669316412330450427980579135506869411861300796637879575881851065763280797952769409650143
1	20326428580886958621162224049162982833916601333788450389707992875230412478923392041027104777158088347015897579317878280886040631643331162248039814835950391873698610360820587092627974981660591605129706866034182855149834571312147914112484976620200810809475292226367457032613483000394594398232189437793285492785159
1	40652857161773917242324448098325965667833202667576900779415985750460824957846784082054209554316176694031795158635756561772081263286662324496079629671900783747397220721641174185255949963321183210259413732068365710299669142624295828224969953240401621618950584452734914065226966000789188796464378875586567531427547
1	124862346996877031529996519159144037408344836764700480965349099090701105227672265394880786488256828417383370844381252296871392451523319996666530291135123835795577177930755034997571846315915062717225342177067123253063269509488908615262407713524090694972491080819114378914625681288138222731997735117873028489950397
1	270051122574641021681155262367451057650606274863189412320406191056632622934267922830788677753671745181782639268080382874628825534689971155581100397106198063464852966222330657087771667613490717039580391220168429361276373590289965144637300403668382200754457453864596214861864845576671039862227659673539332248702789
1	153900102112429829560228267800805441456797124384398267236360517483887408768991396882062364741339811770263224529121078412422879068156650228449444312329338681329432335589070159415611810575430193581696351985687384474705890325649119921137386251552948996128884355428210746104073514145844786158043720029006289964841117
1	37749081650218637439301273234159825262987973905607122152314843911142194603714870933336051729007878358743809790161773950216932601623329301317788227552479299194011704955809661743451953537369670123812312751206339588135407061008274697637472099437515791503311256991825277346282182715018532453859780384473242371292469
1	130669898019987591136042868887476318218035294288640038219551382769338365935936091692317102138873425087959341581329217519981689774849986043023113095373966804902348209462418059881179839167818088890119544138791175497391793672720950876437403421129862355203769735740933652352515247859679535417206932100099679094340191
1	409432347129294452226267655847425797083177255437738786421260999343926879932599753969260253368470065275605936954831548229275961294529956268139087698838429322027357722982243254294363496059163345189041238301545683225160953507858979412837197386206902046305145171988258777371214443293662544307248387246978987330880253
