sieve choosen 743
number of total trys 12839
0.7788768595685023% Erfolgsquote 
1	380394592013741654196035907205764393034724967818041000150249580950740576391280622482078675115387081922726083270091722113724474677896626036356173677644214476493502565323928129876323531799648214324570228492925422003518332691698768106962218848178043745148751897379162410181766610435955980881202402335845729521623811
1	429758775710181410847429879896588779917093856771527236810968992219157292411523146010287358145628153622621834534149426510162001926173287430387127513674379713901056333343063841386991471040823936794170945167579866080310788079171127326949682362827102857114620464214626234403827926294057138705480576684772271288057303
1	211975612343535425620691765084128249553701699623793839778383354270260015851629659856425521247505778476022931898600730643525852301423310692015272354717768372397142650905700408251691739094460455310638371602927906917991131957969542532887343327610665598441670904646403480482969179861257913010135689851272809301651907
1	214879387855090705423714939948294389958546928385763618405484496109578646205761573005143679072814076811310917267074713255081000963086643715193563756837189856950528166671531920693495735520411968397085472583789933040155394039585563663474841181413551428557310232107313117201913963147028569352740288342386135450775487
1	319415306271080778332549235058275444532975163816675648981125602325049338954510446358997360783912816881678390532138087271066352782966632549612054233136363300872406734241466368598439606854666439509181107894822873438068828977762324364624763918317441312720326020700060039083926161434772197686505834022465879981725281
1	351356836898188856165804158564102988986272680198343213879238162557554272849961490994897096862304098569846229585351895998172988061263295804573259656449999630959647407665613005458283567540133083460099218684305160781875711875538556801087240310149185443992358622770066042992318777578249417455156417424712466294367373
1	603985306403498199028820371746557204207807582489713954437037502578275113659437934933376827664126053739900956642588383203470921625973268821084611640839668787104187279292954587895231256597914721980997004019301433410166512976132395162199553591000252664052980111869204437540514923440296519261756486151571840140704433
1	450085204291068369468592103945751762751010458105315687200676985094387704890446538051314462922786241969637732113467304791048042557816618592635167328510330105774754943703884428479619446022484528399300652033614048935460622650483275241062167339447303667924095756440993691436441409294451733103712766122565554321114353
1	284570000132417420696271136688281759674832418673038305455911900253225774704927488574379466880213236858222566110450295932404568843006636271472557407703305486231780545051488219296791649743248282471815896124478559972097683998370070797574789672682811351332654091169144398456588762005524321575250652129105963916114483
1	5807551023110559606046349728332280809690457523939557254202283678637260708263826297436315650616596670575970736947965223110297323326666046356582804238842969106771031531663024883607992851903026172894201961724052244328524163232042261174995707605771660231278654921819273437889566571541312685209196982226654756936659
1	220686938878201265029761289676626670768237385909703175659686779788215906914025399302579994723430673481886888004022678478191298286413309761550146561076032826057299198203194945577103728372314994569979674545513985284483918202817605924649836889019323088788588887029132390639803529718569882037949485324612791481650181
1	8711326534665839409069524592498421214535686285909335881303425517955891062395739446154473475924895005863956105421947834665445984989999069534874206358264453660156547297494537325411989277854539259341302942586078366492786244848063391762493561408657490346917982382728910156834349857311969027813795473339980898355019
1	17422653069331678818139049184996842429071372571818671762606851035911782124791478892308946951849790011727912210843895669330891969979998139069748412716528907320313094594989074650823978555709078518682605885172156732985572489696126783524987122817314980693835964765457820313668699714623938055627590946679961028679523
1	543006020660837323165333699599068255706057778488348603267913523952583876222667758810295513332651788698853263904634748360812799731043275334340492196331817611483091448210492826617347331652932947165607883421198884844717009262195951419862098661139650231624554235190102066442674474439112736067059917838191991043514591
1	522679592079950364544171475549905272872141177154560152878205531077353463743744366769268408555493700351837366325316870079926759099399944172092452381495867219609392837849672239524719356671272355560478176555164701989567174690883803505749613684519449420815078942963734609410060991438718141668827728400398711961159033
1	220686938878201265029761289676626670768237385909703175659686779788215906914025399302579994723430673481886888004022678478191298286413309761550146561076032826057299198203194945577103728372314994569979674545513985284483918202817605924649836889019323088788588887029132390639803529718569882037949485324612789661357513
1	209071836831980145817668590219962109148856470861824061151282212430941385497497746707707363422197480140734946530126748031970703639759977668836980952598346887843757135139868895809887742668508942224191270622065880795826869876353521402299845473807779768326031577185493843764024396575487256667531091360159486815926329
1	119054795973766471923950169430811756598654379240760923711146815412063844519408439097444470837640231746807400107433287073761095128196653950309947486896280866688806146399092010113963853464012036544331140215343071008734745346256866354087412005918319034741212425897295105476736114716596910046788538135646376318451449
1	119054795973766471923950169430811756598654379240760923711146815412063844519408439097444470837640231746807400107433287073761095128196653950309947486896280866688806146399092010113963853464012036544331140215343071008734745346256866354087412005918319034741212425897295105476736114716596910046788538135646372587487259
1	360068163432854695574873683156601410200808366484252549760541588075510163912357230441051570338228993575710185690773843832838434046253294874108133862808264084619803954963107542783695556817987622719440521626891239148368498120386620192849733871557842934339276605152794953149153127435561386482970212898052447695832011
1	278762449109306861090224786959949478865141961149098748201709616574588513996663662276943151229596640187646595373502330709294271519679970225115974603464462517125009513519825194413183656891345256298921694162754507727769159835138028536399793965077039691101375436247325125018699195433983008890041455146879315568079371
1	566236224753279561589519098512397378944819608584106832284722658667132919055723064000040775935118175381157146852426609253253989024349939519766823413287189487910175574337144926151779303060545051857184691268095093822031105915124120464562081491562736872549668854877379160194232740725277986807896705767098602902181729
1	270051122574641021681155262367451057650606274863189412320406191056632622934267922830788677753671745181782639268080382874628825534689971155581100397106198063464852966222330657087771667613490717039580391220168429361276373590289965144637300403668382200754457453864596214861864845576671039862227659673539335916844507
1	551717347195503162574403224191566676920593464774257939149216949470539767285063498256449986808576683704717220010056696195478245716033274403875366402690082065143247995507987363942759320930787486424949186363784963211209795507044014811624592222548307721971472217572830976599508824296424705094873713311531972217955189
1	49364183696439756651393972690824386882368888953486236660719411268416716020242523528208683030241071699895751264057704396437527248276661394030953836030165237407553768019135711510667939241175722469600716674654444076792455387472359219987463514649059111965868566835463824222061315858101157824278174348926549922595281
1	316511530759525498529526060194109304128129935054705870354024460485730708600378533210279202958604518546390405163664104659511204121303299526433762831016941816319021218475634856156635610428714926422734006913960847315904566896146303234037266064514555482604686693239150402364981378149001541343901235531352553829592307
1	333934183828857177347665109379106146557201307626524542116631311521642490725170012102588149910454308558118317374508000328842096091283297665503511243733470723639334313070623930807459588984424004941416612799133004048890139385842430017562253187331870463298522658004608222678650077863625479399528826478032509414946857
1	182937857227982627590460016442466845505249412004096053507371935877073712310310528369243942994422795123143078213860904527974365684789980460232358333523553526863287493247385283833651774834945324446167361794307645696348511141809331227012364789581807297285277630037307113293521347003551349584089704940139547829114579
1	482026734918176447301847027451579307204307974486983252098789545326892638785897582687214199001177523657805571166681113518154677836113281847596372751823966435861995617128031065339463406707951172350218762823096336279267505548259507677524643731279047799196128358510999695344834025437928952872363349524812144683687293
1	168418979670206228575344142121636143481023268194247160371866226680480560539650962625653153867881303446703151371490991470198622376473315344340901322926446104096359914418227721624631792705187759013931856889997515085527200733729225574074875520567378146707080992732758929698797430574698067871066712484572920820759279
1	586562653334166520210681322561560361778736209917895282674430651542363331534646456041067880712276263728173044431744487534140029655993270682014863228123139879783874184697965513244407278042205643462314398134129276677180940486436268378674566468182937683359144147103746617226846223725672581206128895204891887202328789
1	37749081650218637439301273234159825262987973905607122152314843911142194603714870933336051729007878358743809790161773950216932601623329301317788227552479299194011704955809661743451953537369670123812312751206339588135407061008274697637472099437515791503311256991825277346282182715018532453859780384473242372424539
1	540102245149282043362310524734902115301212549726378824640812382113265245868535845661577355507343490363565278536160765749257651069379942311162200794212396126929705932444661314175543335226981434079160782440336858722552747180579930289274600807336764401508914907729192429723729691153342079724455319347078667630686539
1	180034081716427347787436841578300705100404183242126274880270794037755081956178615220525785169114496787855092845386921916419217023126647437054066931404132042309901977481553771391847778408993811359720260813445619574184249060193310096424866935778921467169638302576397476574576563717780693241485106449026221678881863
1	392009694059962773408128606662428954654105882865920114658654148308015097807808275076951306416620275263878024743987652559945069324549958129069339286121900414707044628387254179643539517503454266670358632416373526492175381018162852629312210263389587065611309207222800957057545743579038606251620796300299034111900709
1	95824591881324233499764770517482633359892549145002694694337680697514801686353133907699208235173845064503517159641426181319905834889989764883616269940908990261722020272439910579531882056399931852754332368446862031420648693328697309387429175495232393816097806210018011725177848430431659305951750206739765321699259
1	284570000132417420696271136688281759674832418673038305455911900253225774704927488574379466880213236858222566110450295932404568843006636271472557407703305486231780545051488219296791649743248282471815896124478559972097683998370070797574789672682811351332654091169144398456588762005524321575250652129105966656043341
1	235205816435977664044877163997457372792463529719552068795192488984809058684684965046170783849972165158326814846392591535967041594729974877441603571673140248824226777032352507786123710502072560002215179449824115895305228610897711577587326158033752239366785524333680574234527446147423163750972477780179422215183469
1	421047449175515571438360355304090358702558170485617900929665566701201401349127406564132884669703258616757878428727478675496555941183288360852253307316115260240899786045569304061579481762969397534829642224993787713818001834323063935187188801418445366767702481831897324246993576436745169677666781211432292846560889
1	243917142970643503453946688589955794006999216005461404676495914502764949747080704492325257325897060164190770951814539370632487579719973946976477778031404702484383324329847045111535699779927099261556482392410194261798014855745774969349819719442409729713703506716409484391361796004735132778786273253519400532623337
1	447181428779513089665568929081585622346165229343345908573575843255069074536314624902596305097477943634349746744993322179492893896153285569456875926390908621221369427938052916037815449596533015312853551052752022813296360568867254110474669485644417837808456428980084054717496626008681076761108167631452230910462713
1	476219183895065887695800677723247026394617516963043694844587261648255378077633756389777883350560926987229600429733148295044380512786615801239789947585123466755224585596368040455855413856048146177324560861372284034938981385027465416349648023673276138964849703589180421906944458866387640187154152542585490637914183
1	104535918415990072908834295109981054574428235430912030575641106215470692748748873353853681711098740070367473265063374015985351819879988834418490476299173443921878567569934447904943871334254471112095635311032940397913434938176760701149922736903889884163015788592746921882012198287743628333765545680079745576282337
1	342645510363523016756734633971604567771736993912433877997934737039598381787565751548742623386379203563982273479929948163507542076273296735038385450091735177299490860368118468132871578262278544200757915741719082415382925630690493409324746748740527953645440640387337132835484427720937448427342621951372489545772511
1	232302040924422384241853989133291232387618300957582290168091347145490428330553051897452626024663866823038829477918608924411892933066641854263312169553718764270841261266520995344319714076121046915768078468962089773140966529281690446999828304230866409251146196872770937515582662861652507408367879289066095939141413
1	133573673531542870939066043751642458622880523050609816846652524608656996290068004841035259964181723423247326949803200131536838436513319066201404497493388289455733725228249572322983835593769601976566645119653201619556055754336972007024901274932748185319409063201843289071460031145450191759811530591213003322687557
1	397817245083073333014174956390761235463796340389859671912856431986652358516072101374387622067236871934453995480935617783055366647876624175425922090360743383813815659918917204527147510355357292843252834378097578736503905181394894890487205970995358725842587862144620230495435310150579918936829993282525686341157901
1	66786836765771435469533021875821229311440261525304908423326262304328498145034002420517629982090861711623663474901600065768419218256659533100702248746694144727866862614124786161491917796884800988283322559826600809778027877168486003512450637466374092659704531600921644535730015572725095879905765295606506804765771
1	162611428647095668969297792393303862671332810670307603117663943001843299831387136328216838217264706776127180634543026247088325053146649297984318518687603134989588882886564696741023799853284732841037654928273462841198676570497183312899879812961606486475802337810939656260907864003156755185857515502346269674543469
1	165515204158650948772320967257470003076178039432277381744765084841161930185519049476934996042573005111415166003017008858643473714809982321162609920807024619542974398652396209182827796279236245927484755909135488963362938652113204443487377666764492316591441665271849292979852647288927411528462113993459594673237513
1	336837959340412457150688284243272286962046536388494320743732453360961121079301925251306307735762606893406302742981982940397244752946630688681802645852892208192719828836455443249263585410375518027863713779995030171054401467458451148149751041134756293414161985465517859397594861149396135742133424969145836858025883
1	177130306204872067984413666714134564695558954480156496253169652198436451602046702071807627343806198452567107476912939304864068361463314413875775529284710557756516461715722258950043781983042298273273159832583593452019986978577288965837369081976035637053998975115487839855631780432010036898880507957912899271088187
1	400721020594628612817198131254927375868641569151829450539957573825970988870204014523105779892545170269741980849409600394610515309539957198604213492480164868367201175684748716968951506781308805929699935358959604858668167263010916021074703824798244555958227189605529867214380093436350575279434591773639012615533951
1	11615102046221119212092699456664561619380915047879114508404567357274521416527652594872631301233193341151941473895930446220594646653332092713165608477685938213542063063326049767215985703806052345788403923448104488657048326464084522349991415211543320462557309843638546875779133143082625370418393964453308863642521
1	572043775776390121195565448240729659754510066108046389538924942345770179763986890297477091585734772051733117589374574476364286347676605566123406217526032457016946605868807951035387295912448078030078893229819146066359630078356162725737077199168508532780947509799198433632122307296819299493105902749325255191687453
1	310703979736414938923479710465777023318439477530766313099822176807093447892114706912842887307987921875814434426716139436400906797976633480077180026778098847212250186943971831273027617576811900249839804952236795071576042732914260972862270356908783822373408038317331128927091811577460228658692038549125901920325823
1	415239898152405011832314005575758077892867712961678343675463283022564140640863580266696569019086661946181907691779513452386258617856622314495670503077272291134128754513906279177971488911066371361935440263269735469489477671091021674012193093812673706536423826910078050809104009865203856992457584229205643228894087
1	258436020528419902469062562910786496031225359815310297812001623699358101517740270235916046452438551840630697794184452428408230888036639062867934788628512125251310903159004607320555681909684664693791987296720324872619325263825880622287308988456838880291900144020957667986085712433588414491809265709086027658350531
1	153900102112429829560228267800805441456797124384398267236360517483887408768991396882062364741339811770263224529121078412422879068156650228449444312329338681329432335589070159415611810575430193581696351985687384474705890325649119921137386251552948996128884355428210746104073514145844786158043720029006288275527237
1	331030408317301897544641934514940006152356078864554763489530169682323860371038098953869992085146010222830332006034017717286947429619964642325219841614049239085948797304792418365655592558472491854969511818270977926725877304226408886974755333528984633182883330543698585959705294577854823056924227986919186229170367
1	214879387855090705423714939948294389958546928385763618405484496109578646205761573005143679072814076811310917267074713255081000963086643715193563756837189856950528166671531920693495735520411968397085472583789933040155394039585563663474841181413551428557310232107313117201913963147028569352740288342386139059800997
1	14518877557776399015115874320830702024226143809848893135505709196593151770659565743590789126541491676439926842369913057775743308316665115891457010597107422766927578829157562209019982129757565432235504904310130610821310408080105652937489269014429150578196637304548183594723916428853281713022992455566633196122463
1	168418979670206228575344142121636143481023268194247160371866226680480560539650962625653153867881303446703151371490991470198622376473315344340901322926446104096359914418227721624631792705187759013931856889997515085527200733729225574074875520567378146707080992732758929698797430574698067871066712484572919006057743
1	220686938878201265029761289676626670768237385909703175659686779788215906914025399302579994723430673481886888004022678478191298286413309761550146561076032826057299198203194945577103728372314994569979674545513985284483918202817605924649836889019323088788588887029132390639803529718569882037949485324612791348014239
1	281666224620862140893247961824115619269987189911068526828810758413907144350795575425661309054904938522934580741976313320849420181343303248294266005583884001678395029285656706854987653317296769385368795143616533849933421916754049666987291818879925521217014763708234761737643978719753665232646053637992640571212553
1	20326428580886958621162224049162982833916601333788450389707992875230412478923392041027104777158088347015897579317878280886040631643331162248039814835950391873698610360820587092627974981660591605129706866034182855149834571312147914112484976620200810809475292226367457032613483000394594398232189437793284499042697
1	557524898218613722180449573919898957730283922298197496403419233149177027993327324553886302459193280375293190747004661418588543039359940450231949206928925034250019027039650388826367313782690512597843388325509015455538319670276057072799587930154079382202750872494650250037398390867966017780082910293758624450749691
1	371683265479075814786966382613265971820189281532131664268946155432784685328884883035924201639462186916862127164669774279059028692906626966821299471285950022833346018026433592550911542521793675065228925550339343637025546446850704715199725286769386254801833914996433500024932260578644011853388606862505750630186171
1	484930510429731727104870202315745447609153203248953030725890687166211269140029495835932356826485821993093556535155096129709826497776614870774664153943387920415381132893862577781267403133902685436665863803958362401431767629875528808112141585081933629311767685971909332063778808723699609214967948015925470773615553
1	110343469439100632514880644838313335384118692954851587829843389894107953457012699651289997361715336740943444002011339239095649143206654880775073280538016413028649599101597472788551864186157497284989837272756992642241959101408802962324918444509661544394294443514566195319901764859284941018974742662306399017526873
1	493641836964397566513939726908243868823688889534862366607194112684167160202425235282086830302410716998957512640577043964375272482766613940309538360301652374075537680191357115106679392411757224696007166746544440767924553874723592199874635146490591119658685668354638242220613158581011578242781743489265449211336041
1	116151020462211192120926994566645616193809150478791145084045673572745214165276525948726313012331933411519414738959304462205946466533320927131656084776859382135420630633260497672159857038060523457884039234481044886570483264640845223499914152115433204625573098436385468757791331430826253704183939644533048358762719
1	461700306337289488680684803402416324370391373153194801709081552451662226306974190646187094224019435310789673587363235237268637204469950685348332936988016043988297006767210478246835431726290580745089055957062153424117670976947359763412158754658846988386653066284632238312220542437534358474131160087018861584993033
1	345549285875078296559757808835770708176582222674403656625035878878917012141697664697460781211687501899270258848403930775062690737936629758216676852211156661852876376133949980574675574688230057287205016722581108537547187712306514539912244602543413783761079967848246769554429211006708104769947220442485815693179467
1	499449387987508126119986076636576149633379347058801923861396396362804420910689061579523145953027313669533483377525009187485569806093279986666121164540495343182308711723020139990287385263660250868901368708268493012253078037955634461049630854096362779889964323276457515658502725152552890927990940471492097899359201
1	310703979736414938923479710465777023318439477530766313099822176807093447892114706912842887307987921875814434426716139436400906797976633480077180026778098847212250186943971831273027617576811900249839804952236795071576042732914260972862270356908783822373408038317331128927091811577460228658692038549125899242288981
1	482026734918176447301847027451579307204307974486983252098789545326892638785897582687214199001177523657805571166681113518154677836113281847596372751823966435861995617128031065339463406707951172350218762823096336279267505548259507677524643731279047799196128358510999695344834025437928952872363349524812144745567297
1	162611428647095668969297792393303862671332810670307603117663943001843299831387136328216838217264706776127180634543026247088325053146649297984318518687603134989588882886564696741023799853284732841037654928273462841198676570497183312899879812961606486475802337810939656260907864003156755185857515502346268403305847
1	66786836765771435469533021875821229311440261525304908423326262304328498145034002420517629982090861711623663474901600065768419218256659533100702248746694144727866862614124786161491917796884800988283322559826600809778027877168486003512450637466374092659704531600921644535730015572725095879905765295606503852052103
1	40652857161773917242324448098325965667833202667576900779415985750460824957846784082054209554316176694031795158635756561772081263286662324496079629671900783747397220721641174185255949963321183210259413732068365710299669142624295828224969953240401621618950584452734914065226966000789188796464378875586567534075761
1	72594387788881995075579371604153510121130719049244465677528545982965758853297828717953945632707458382199634211849565288878716541583325579457285052985537113834637894145787811045099910648787827161177524521550653054106552040400528264687446345072145752890983186522740917973619582144266408565114962277833157442142761
1	148092551089319269954181918072473160647106666860458709982158233805250148060727570584626049090723215099687253792173113189312581744829984182092861508090495712222661304057407134532003817723527167408802150023963332230377366162417077659962390543947177335897605700506391472666183947574303473472834523046779634985801857
1	333934183828857177347665109379106146557201307626524542116631311521642490725170012102588149910454308558118317374508000328842096091283297665503511243733470723639334313070623930807459588984424004941416612799133004048890139385842430017562253187331870463298522658004608222678650077863625479399528826478032511160147357
1	589466428845721800013704497425726502183581438679865061301531793381681961888778369189786038537584562063461029800218470145695178317656603705193154630242561364337259700463797025686211274468157156548761499114991302799345202568052289509262064321985823513474783474564656253945791007011443237548733493696005208473336051
1	563332449241724281786495923648231238539974379822137053657621516827814288701591150851322618109809877045869161483952626641698840362686606496588532011167768003356790058571313413709975306634593538770737590287233067699866843833508099333974583637759851042434029527416469523475287957439507330465292107275985275059213773
1	110343469439100632514880644838313335384118692954851587829843389894107953457012699651289997361715336740943444002011339239095649143206654880775073280538016413028649599101597472788551864186157497284989837272756992642241959101408802962324918444509661544394294443514566195319901764859284941018974742662306397744986957
1	238109591947532943847900338861623513197308758481521847422293630824127689038816878194888941675280463493614800214866574147522190256393307900619894973792561733377612292798184020227927706928024073088662280430686142017469490692513732708174824011836638069482424851794590210953472229433193820093577076271292748233905207
1	362971938944409975377896858020767550605653595246222328387642729914828794266489143589769728163537291910998171059247826444393582707916627897286425264927685569173189470728939055225499553243939135805887622607753265270532760202002641323437231725360728764454915932613704589868097910721332042825574811389165772571889893
1	572043775776390121195565448240729659754510066108046389538924942345770179763986890297477091585734772051733117589374574476364286347676605566123406217526032457016946605868807951035387295912448078030078893229819146066359630078356162725737077199168508532780947509799198433632122307296819299493105902749325256461350101
1	301992653201749099514410185873278602103903791244856977218518751289137556829718967466688413832063026869950478321294191601735460812986634410542305820419834393552093639646477293947615628298957360990498502009650716705083256488066197581099776795500126332026490055934602218770257461720148259630878243075785920802960777
1	150996326600874549757205092936639301051951895622428488609259375644568778414859483733344206916031513434975239160647095800867730406493317205271152910209917196776046819823238646973807814149478680495249251004825358352541628244033098790549888397750063166013245027967301109385128730860074129815439121537892960208029339
1	505256939010618685726032426364908430443069804582741481115598680041441681618952887876959461603643910340109454114472974410595867129419946033022703968779338312289079743254683164873895378115563277041795570669992545256581602201187676722224626561702134440121242978198276789096392291724094203613200137453718753859102173
1	531390918614616203953241000142403694086676863440469488759508956595309354806140106215422882031418595357701322430738817914592205084389943241627326587854131673269549385147166776850131345949126894819819479497750780356059960935731866897512107245928106911161996925346463519566895341296030110696641523873738690396713561
1	534294694126171483756264175006569834491522092202439267386610098434627985160272019364141039856726893692989307799212800526147353746053276264805617989973553157822934900912998289291935342375078407906266580478612806478224223017347888028099605099730992741277636252807373156285840124581800767039246122364852015332837517
1	447181428779513089665568929081585622346165229343345908573575843255069074536314624902596305097477943634349746744993322179492893896153285569456875926390908621221369427938052916037815449596533015312853551052752022813296360568867254110474669485644417837808456428980084054717496626008681076761108167631452228177726073
1	243917142970643503453946688589955794006999216005461404676495914502764949747080704492325257325897060164190770951814539370632487579719973946976477778031404702484383324329847045111535699779927099261556482392410194261798014855745774969349819719442409729713703506716409484391361796004735132778786273253519396920944921
1	360068163432854695574873683156601410200808366484252549760541588075510163912357230441051570338228993575710185690773843832838434046253294874108133862808264084619803954963107542783695556817987622719440521626891239148368498120386620192849733871557842934339276605152794953149153127435561386482970212898052447696993861
1	81305714323547834484648896196651931335666405335153801558831971500921649915693568164108419108632353388063590317271513123544162526573324648992159259343801567494794441443282348370511899926642366420518827464136731420599338285248591656449939906480803243237901168905469828130453932001578377592928757751173132668739309
1	557524898218613722180449573919898957730283922298197496403419233149177027993327324553886302459193280375293190747004661418588543039359940450231949206928925034250019027039650388826367313782690512597843388325509015455538319670276057072799587930154079382202750872494650250037398390867966017780082910293758624066774029
1	423951224687070851241383530168256499107403399247587679556766708540520031703259319712851042495011556952045863797201461287051704602846621384030544709435536744794285301811400816503383478188920910621276743205855813835982263915939085065774686655221331196883341809292806960965938359722515826020271379702545622943028909
