sieve choosen 743
number of total trys 11109
0.9001710324961743% Erfolgsquote 
1	34845306138663357636278098369993684858142745143637343525213702071823564249582957784617893903699580023455824421687791338661783939959996278139496825433057814640626189189978149301647957111418157037365211770344313465971144979392253567049974245634629961387671929530915640627337399429247876111255181893359916229256557
1	299088877690193819711387011009112461699058562482887198591417609449818926475587054317970256006754728534662492952820208990180312151323301387364014418300412908998708123880645781505811631873005847904051401028788690582918994406450176450512278941697240501910850728473692582051312678434377603288273644584672599357963763
1	107439693927545352711857469974147194979273464192881809202742248054789323102880786502571839536407038405655458633537356627540500481543321857596781878418594928475264083335765960346747867760205984198542736291894966520077697019792781831737420590706775714278655116053656558600956981573514284676370144171193067991839791
1	360068163432854695574873683156601410200808366484252549760541588075510163912357230441051570338228993575710185690773843832838434046253294874108133862808264084619803954963107542783695556817987622719440521626891239148368498120386620192849733871557842934339276605152794953149153127435561386482970212898052447695435021
1	217783163366645985226738114812460530363392157147733397032585637948897276559893486153861836898122375146598902635548695866636149624749976738371855158956611341503913682437363433135299731946363481483532573564651959162319656121201584794062339035216437258672949559568222753920858746432799225695344886833499467229492983
1	560428673730169001983472748784065098135129151060167275030520374988495658347459237702604460284501578710581176115478644030143691701023273473410240609048346518803404542805481901268171310208642025684290489306371041577702581751892078203387085783956965212318390199955559886756343174153736674122687508784871950600939611
1	415239898152405011832314005575758077892867712961678343675463283022564140640863580266696569019086661946181907691779513452386258617856622314495670503077272291134128754513906279177971488911066371361935440263269735469489477671091021674012193093812673706536423826910078050809104009865203856992457584229205643287721637
1	331030408317301897544641934514940006152356078864554763489530169682323860371038098953869992085146010222830332006034017717286947429619964642325219841614049239085948797304792418365655592558472491854969511818270977926725877304226408886974755333528984633182883330543698585959705294577854823056924227986919184565941369
1	153900102112429829560228267800805441456797124384398267236360517483887408768991396882062364741339811770263224529121078412422879068156650228449444312329338681329432335589070159415611810575430193581696351985687384474705890325649119921137386251552948996128884355428210746104073514145844786158043720029006291989583021
1	487834285941287006907893377179911588013998432010922809352991829005529899494161408984650514651794120328381541903629078741264975159439947893952955556062809404968766648659694090223071399559854198523112964784820388523596029711491549938699639438884819459427407013432818968782723592009470265557572546507038794234810603
1	133573673531542870939066043751642458622880523050609816846652524608656996290068004841035259964181723423247326949803200131536838436513319066201404497493388289455733725228249572322983835593769601976566645119653201619556055754336972007024901274932748185319409063201843289071460031145450191759811530591213006924940971
1	531390918614616203953241000142403694086676863440469488759508956595309354806140106215422882031418595357701322430738817914592205084389943241627326587854131673269549385147166776850131345949126894819819479497750780356059960935731866897512107245928106911161996925346463519566895341296030110696641523873738688743807917
1	267147347063085741878132087503284917245761046101219633693305049217313992580136009682070519928363446846494653899606400263073676873026638132402808994986776578911467450456499144645967671187539203953133290239306403239112111508673944014049802549865496370638818126403686578142920062290900383519623061182426010978476867
1	316511530759525498529526060194109304128129935054705870354024460485730708600378533210279202958604518546390405163664104659511204121303299526433762831016941816319021218475634856156635610428714926422734006913960847315904566896146303234037266064514555482604686693239150402364981378149001541343901235531352551536097761
1	287473775643972700499294311552447900079677647435008084083013042092544405059059401723097624705521535193510551478924278543959717504669969294650848809822726970785166060817319731738595646169199795558262997105340586094261946079986091928162287526485697181448293418630054035175533545291294977917855250620219292873284789
1	197456734785759026605575890763297547529475555813944946642877645073666864080970094112834732120964286799583005056230817585750108993106645576123815344120660949630215072076542846042671756964702889878402866698617776307169821549889436879949854058596236447863474267341855296888245263432404631297112697395706182175980447
1	438470102244847250256499404489087201131629543057436572692272417737113183473918885456441831621553048628485790639571374344827447911163286499922001720032644167561212880640558378712403460318678476053512248110165944446803574324019190718712175924235760347461538446597355144560662276151369107733294372158112252469513761
1	435566326733291970453476229624921060726784314295466794065171275897794553119786972307723673796244750293197805271097391733272299249499953476743710317913222683007827364874726866270599463892726962967065147129303918324639312242403169588124678070432874517345899119136445507841717492865598451390689773666998926321839507
1	37749081650218637439301273234159825262987973905607122152314843911142194603714870933336051729007878358743809790161773950216932601623329301317788227552479299194011704955809661743451953537369670123812312751206339588135407061008274697637472099437515791503311256991825277346282182715018532453859780384473240450468549
1	107439693927545352711857469974147194979273464192881809202742248054789323102880786502571839536407038405655458633537356627540500481543321857596781878418594928475264083335765960346747867760205984198542736291894966520077697019792781831737420590706775714278655116053656558600956981573514284676370144171193068926219771
1	574947551287945400998588623104895800159355294870016168166026084185088810118118803446195249411043070387021102957848557087919435009339938589301697619645453941570332121634639463477191292338399591116525994210681172188523892159972183856324575052971394362896586837260108070351067090582589955835710501240438583366813431
1	423951224687070851241383530168256499107403399247587679556766708540520031703259319712851042495011556952045863797201461287051704602846621384030544709435536744794285301811400816503383478188920910621276743205855813835982263915939085065774686655221331196883341809292806960965938359722515826020271379702545620099742567
1	441373877756402530059522579353253341536474771819406351319373559576431813828050798605159989446861346963773776008045356956382596572826619523100293122152065652114598396406389891154207456744629989139959349091027970568967836405635211849299673778038646177577177774058264781279607059437139764075898970649225576870452269
1	153900102112429829560228267800805441456797124384398267236360517483887408768991396882062364741339811770263224529121078412422879068156650228449444312329338681329432335589070159415611810575430193581696351985687384474705890325649119921137386251552948996128884355428210746104073514145844786158043720029006288388610503
1	150996326600874549757205092936639301051951895622428488609259375644568778414859483733344206916031513434975239160647095800867730406493317205271152910209917196776046819823238646973807814149478680495249251004825358352541628244033098790549888397750063166013245027967301109385128730860074129815439121537892963813831921
1	508160714522173965529055601229074570847915033344711259742699821880760311973084801025677619428952208675397439482946957022151015791083279056200995370898759796842465259020514677315699374541514790128242671650854571378745864282803697852812124415505020270236882305659186425815337075009864859955804735944832081218659287
1	226494489901311824635807639404958951577927843433642732913889063466853167622289225600016310374047270152462858740970643701301595609739975807906729365314875795164070229734857970460711721224218020742873876507238037528812442366049648185824832596625094749019867541950951664077693096290111194723158682306839442071305187
1	386202143036852213802082256934096673844415425341980557404451864629377837099544448779514990766003678593302054007039687336834772001223292082712756481883057445600273596855591154759931524651551240497464430454649474247846856854930810368137214555783815405380030552300981683619656177007497293566411599318072379077664581
1	418143673663960291635337180439924218297712941723648122302564424861882770994995493415414726844394960281469893060253496063941407279519955337673961905196693775687514270279737791619775485337017884448382541244131761591653739752707042804599690947615559536652063154370987687528048793150974513335062182720318969435869841
1	345549285875078296559757808835770708176582222674403656625035878878917012141697664697460781211687501899270258848403930775062690737936629758216676852211156661852876376133949980574675574688230057287205016722581108537547187712306514539912244602543413783761079967848246769554429211006708104769947220442485815691071727
1	92920816369768953696741595653316492955047320383032916067236538858196171332221220758981050409865546729215531791167443569764757173226656741705324867821487505708336504506608398137727885630448418766307231387584835909256386611712676178799931321692346563700458478749108375006233065144661002963347151715626439172229797
1	287473775643972700499294311552447900079677647435008084083013042092544405059059401723097624705521535193510551478924278543959717504669969294650848809822726970785166060817319731738595646169199795558262997105340586094261946079986091928162287526485697181448293418630054035175533545291294977917855250620219294768874589
1	441373877756402530059522579353253341536474771819406351319373559576431813828050798605159989446861346963773776008045356956382596572826619523100293122152065652114598396406389891154207456744629989139959349091027970568967836405635211849299673778038646177577177774058264781279607059437139764075898970649225578681508751
1	84209489835103114287672071060818071740511634097123580185933113340240280269825481312826576933940651723351575685745495735099311188236657672170450661463223052048179957209113860812315896352593879506965928444998757542763600366864612787037437760283689073353540496366379464849398715287349033935533356242286459748322523
1	220686938878201265029761289676626670768237385909703175659686779788215906914025399302579994723430673481886888004022678478191298286413309761550146561076032826057299198203194945577103728372314994569979674545513985284483918202817605924649836889019323088788588887029132390639803529718569882037949485324612792625346911
1	261339796039975182272085737774952636436070588577280076439102765538676731871872183384634204277746850175918683162658435039963379549699972086046226190747933609804696418924836119762359678335636177780239088277582350994783587345441901752874806842259724710407539471481867304705030495719359070834413864200199358688873109
1	409432347129294452226267655847425797083177255437738786421260999343926879932599753969260253368470065275605936954831548229275961294529956268139087698838429322027357722982243254294363496059163345189041238301545683225160953507858979412837197386206902046305145171988258777371214443293662544307248387246978992960867849
1	194552959274203746802552715899131407124630327051975168015776503234348233726838180964116574295655988464295019687756834974194960331443312552945523942001239465076829556310711333600867760538751376791955765717755750185005559468273415749362356204793350617747834939880945660169300480146633974954508098904592855634045233
1	426855000198626131044406705032422639512248628009557458183867850379838662057391232861569200320319855287333849165675443898606853264509954407208836111554958229347670817577232328945187474614872423707723844186717839958146525997555106196362184509024217026998981136753716597684883143008286482362875978193658946131020729
1	211975612343535425620691765084128249553701699623793839778383354270260015851629659856425521247505778476022931898600730643525852301423310692015272354717768372397142650905700408251691739094460455310638371602927906917991131957969542532887343327610665598441670904646403480482969179861257913010135689851272812964801683
1	511064490033729245332078776093240711252760262106681038369800963720078942327216714174395777254260507010685424851420939633706164452746612079379286773018181281395850774786346189757503370967466303214689772631716597500910126364419718983399622269307906100352521633120096062534281858295635516298409334435945407365915799
1	592370204357277079816727672289892642588426667441834839928632935221000592242910282338504196362892860398749015168692452757250326979319936728371446032361982848890645216229628538128015270894108669635208600095853328921509464649668310639849562175788709343590422802025565890664735790297213893891338092187118538227846029
1	572043775776390121195565448240729659754510066108046389538924942345770179763986890297477091585734772051733117589374574476364286347676605566123406217526032457016946605868807951035387295912448078030078893229819146066359630078356162725737077199168508532780947509799198433632122307296819299493105902749325255195738101
1	473315408383510607892777502859080885989772288201073916217486119808936747723501843241059725525252628651941615061259165683489231851123282778061498545465701982201839069830536528014051417430096633090877459880510257912774719303411444285762150169870390308849210376128270785187999675580616983844549554051472164612644457
1	400721020594628612817198131254927375868641569151829450539957573825970988870204014523105779892545170269741980849409600394610515309539957198604213492480164868367201175684748716968951506781308805929699935358959604858668167263010916021074703824798244555958227189605529867214380093436350575279434591773639010924893823
1	392009694059962773408128606662428954654105882865920114658654148308015097807808275076951306416620275263878024743987652559945069324549958129069339286121900414707044628387254179643539517503454266670358632416373526492175381018162852629312210263389587065611309207222800957057545743579038606251620796300299035323364417
1	606889081915053478831843546610723344612652811251683733064138644417593744013569848082094985489434352075188942011062365815026070287636601844262903042959090271657572795058786100337035253023866235067444105000163459532330775057748416292787051444803138494168619439330114074259459706726067175604361084642685168573405147
1	150996326600874549757205092936639301051951895622428488609259375644568778414859483733344206916031513434975239160647095800867730406493317205271152910209917196776046819823238646973807814149478680495249251004825358352541628244033098790549888397750063166013245027967301109385128730860074129815439121537892965082757071
1	592370204357277079816727672289892642588426667441834839928632935221000592242910282338504196362892860398749015168692452757250326979319936728371446032361982848890645216229628538128015270894108669635208600095853328921509464649668310639849562175788709343590422802025565890664735790297213893891338092187118538222821059
1	328126632805746617741618759650773865747510850102584984862429027843005230016906185805151834259837711887542346637560035105731798767956631619146928439494627754532563281538960905923851596132520978768522410837408951804561615222610387756387257479726098803067244003082788949240760511292084166714319629495805857236900347
1	487834285941287006907893377179911588013998432010922809352991829005529899494161408984650514651794120328381541903629078741264975159439947893952955556062809404968766648659694090223071399559854198523112964784820388523596029711491549938699639438884819459427407013432818968782723592009470265557572546507038797039490869
1	392009694059962773408128606662428954654105882865920114658654148308015097807808275076951306416620275263878024743987652559945069324549958129069339286121900414707044628387254179643539517503454266670358632416373526492175381018162852629312210263389587065611309207222800957057545743579038606251620796300299033661950773
1	180034081716427347787436841578300705100404183242126274880270794037755081956178615220525785169114496787855092845386921916419217023126647437054066931404132042309901977481553771391847778408993811359720260813445619574184249060193310096424866935778921467169638302576397476574576563717780693241485106449026221679069517
1	566236224753279561589519098512397378944819608584106832284722658667132919055723064000040775935118175381157146852426609253253989024349939519766823413287189487910175574337144926151779303060545051857184691268095093822031105915124120464562081491562736872549668854877379160194232740725277986807896705767098599287397107
1	362971938944409975377896858020767550605653595246222328387642729914828794266489143589769728163537291910998171059247826444393582707916627897286425264927685569173189470728939055225499553243939135805887622607753265270532760202002641323437231725360728764454915932613704589868097910721332042825574811389165772579658809
1	467507857360400048286731153130748605180081830677134358963283836130299487015238016943623409874636031981365644324311200460378934527796616731704915741226859013095068038298873503130443424578193606917983257918786205668446195140179402024587154462264618648617931721206451511750110109009075671159340357069245515151286979
1	8711326534665839409069524592498421214535686285909335881303425517955891062395739446154473475924895005863956105421947834665445984989999069534874206358264453660156547297494537325411989277854539259341302942586078366492786244848063391762493561408657490346917982382728910156834349857311969027813795473339979912380109
1	31941530627108077833254923505827544453297516381667564898112560232504933895451044635899736078391281688167839053213808727106635278296663254961205423313636330087240673424146636859843960685466643950918110789482287343806882897776232436462476391831744131272032602070006003908392616143477219768650583402246591770784329
1	246820918482198783256969863454121934411844444767431183303597056342083580101212617641043415151205358499478756320288521982187636241383306970154769180150826187037768840095678557553339696205878612348003583373272220383962276937361796099937317573245295559829342834177319121110306579290505789121390871744632726741207139
1	572043775776390121195565448240729659754510066108046389538924942345770179763986890297477091585734772051733117589374574476364286347676605566123406217526032457016946605868807951035387295912448078030078893229819146066359630078356162725737077199168508532780947509799198433632122307296819299493105902749325257221416761
1	8711326534665839409069524592498421214535686285909335881303425517955891062395739446154473475924895005863956105421947834665445984989999069534874206358264453660156547297494537325411989277854539259341302942586078366492786244848063391762493561408657490346917982382728910156834349857311969027813795473339982199214379
1	223590714389756544832784464540792811173082614671672954286787921627534537268157312451298152548738971817174873372496661089746446948076642784728437963195454310610684713969026458018907724798266507656426775526376011406648180284433627055237334742822208918904228214490042027358748313004340538380554083815726119527301249
1	5807551023110559606046349728332280809690457523939557254202283678637260708263826297436315650616596670575970736947965223110297323326666046356582804238842969106771031531663024883607992851903026172894201961724052244328524163232042261174995707605771660231278654921819273437889566571541312685209196982226652835444729
1	560428673730169001983472748784065098135129151060167275030520374988495658347459237702604460284501578710581176115478644030143691701023273473410240609048346518803404542805481901268171310208642025684290489306371041577702581751892078203387085783956965212318390199955559886756343174153736674122687508784871950725945493
1	299088877690193819711387011009112461699058562482887198591417609449818926475587054317970256006754728534662492952820208990180312151323301387364014418300412908998708123880645781505811631873005847904051401028788690582918994406450176450512278941697240501910850728473692582051312678434377603288273644584672598606751479
1	586562653334166520210681322561560361778736209917895282674430651542363331534646456041067880712276263728173044431744487534140029655993270682014863228123139879783874184697965513244407278042205643462314398134129276677180940486436268378674566468182937683359144147103746617226846223725672581206128895204891885545097629
1	58075510231105596060463497283322808096904575239395572542022836786372607082638262974363156506165966705759707369479652231102973233266660463565828042388429691067710315316630248836079928519030261728942019617240522443285241632320422611749957076057716602312786549218192734378895665715413126852091969822266529118414661
1	563332449241724281786495923648231238539974379822137053657621516827814288701591150851322618109809877045869161483952626641698840362686606496588532011167768003356790058571313413709975306634593538770737590287233067699866843833508099333974583637759851042434029527416469523475287957439507330465292107275985278018170377
1	426855000198626131044406705032422639512248628009557458183867850379838662057391232861569200320319855287333849165675443898606853264509954407208836111554958229347670817577232328945187474614872423707723844186717839958146525997555106196362184509024217026998981136753716597684883143008286482362875978193658949090997453
1	592370204357277079816727672289892642588426667441834839928632935221000592242910282338504196362892860398749015168692452757250326979319936728371446032361982848890645216229628538128015270894108669635208600095853328921509464649668310639849562175788709343590422802025565890664735790297213893891338092187118537835215661
1	452988979802623649271615278809917903155855686867285465827778126933706335244578451200032620748094540304925717481941287402603191219479951615813458730629751590328140459469715940921423442448436041485747753014476075057624884732099296371649665193250189498039735083901903328155386192580222389446317364613678883146102803
1	17422653069331678818139049184996842429071372571818671762606851035911782124791478892308946951849790011727912210843895669330891969979998139069748412716528907320313094594989074650823978555709078518682605885172156732985572489696126783524987122817314980693835964765457820313668699714623938055627590946679961028807689
1	81305714323547834484648896196651931335666405335153801558831971500921649915693568164108419108632353388063590317271513123544162526573324648992159259343801567494794441443282348370511899926642366420518827464136731420599338285248591656449939906480803243237901168905469828130453932001578377592928757751173134704858903
1	43556632673329197045347622962492106072678431429546679406517127589779455311978697230772367379624475029319780527109739173327229924949995347674371031791322268300782736487472686627059946389272696296706514712930391832463931224240316958812467807043287451734589911913644550784171749286559845139068977366699895966289367
1	444277653267957809862545754217419481941320000581376129946474701415750444182182711753878147272169645299061761376519339567937745234489952546278584524271487136667983912172221403596011453170581502226406450071889996691132098487251232979887171631841532007692817101519174417998551842722910420418503569140338904319381193
1	40652857161773917242324448098325965667833202667576900779415985750460824957846784082054209554316176694031795158635756561772081263286662324496079629671900783747397220721641174185255949963321183210259413732068365710299669142624295828224969953240401621618950584452734914065226966000789188796464378875586566599440341
1	226494489901311824635807639404958951577927843433642732913889063466853167622289225600016310374047270152462858740970643701301595609739975807906729365314875795164070229734857970460711721224218020742873876507238037528812442366049648185824832596625094749019867541950951664077693096290111194723158682306839443770302579
1	421047449175515571438360355304090358702558170485617900929665566701201401349127406564132884669703258616757878428727478675496555941183288360852253307316115260240899786045569304061579481762969397534829642224993787713818001834323063935187188801418445366767702481831897324246993576436745169677666781211432293838842453
1	310703979736414938923479710465777023318439477530766313099822176807093447892114706912842887307987921875814434426716139436400906797976633480077180026778098847212250186943971831273027617576811900249839804952236795071576042732914260972862270356908783822373408038317331128927091811577460228658692038549125900234033137
1	470411632871955328089754327994914745584927059439104137590384977969618117369369930092341567699944330316653629692785183071934083189459949754883207143346280497648453554064705015572247421004145120004430358899648231790610457221795423155174652316067504478733571048667361148469054892294846327501944955560358842062692661
1	383298367525296933999059082069930533439570196580010778777350722790059206745412535630796832940695380258014068638565704725279623339559959059534465079763635961046888081089759642318127528225599727411017329473787448125682594773314789237549716701980929575264391224840072046900711393721726637223807000826959056877310303
1	572043775776390121195565448240729659754510066108046389538924942345770179763986890297477091585734772051733117589374574476364286347676605566123406217526032457016946605868807951035387295912448078030078893229819146066359630078356162725737077199168508532780947509799198433632122307296819299493105902749325253505485403
1	360068163432854695574873683156601410200808366484252549760541588075510163912357230441051570338228993575710185690773843832838434046253294874108133862808264084619803954963107542783695556817987622719440521626891239148368498120386620192849733871557842934339276605152794953149153127435561386482970212898052443748507729
1	609792857426608758634866721474889485017498040013653511691239786256912374367701761230813143314742650410476927379536348426581218949299934867441194445078511756210958310824617612778839249449817748153891205981025485654495037139364437423374549298606024324284258766791023710978404490011837831946965683133798491504767967
1	389105918548407493605105431798262814249260654103950336031553006468696467453676361928233148591311976928590039375513669948389920662886625105891047884002478930153659112621422667201735521077502753583911531435511500370011118936546831498724712409586701235495669879761891320338600960293267949909016197809185709926264679
1	101632142904434793105811120245814914169583006668942251948539964376152062394616960205135523885790441735079487896589391404430203158216655811240199074179751959368493051804102935463139874908302958025648534330170914275749172856560739570562424883101004054047376461131837285163067415001972971991160947188966415702927369
1	84209489835103114287672071060818071740511634097123580185933113340240280269825481312826576933940651723351575685745495735099311188236657672170450661463223052048179957209113860812315896352593879506965928444998757542763600366864612787037437760283689073353540496366379464849398715287349033935533356242286462483782801
1	162611428647095668969297792393303862671332810670307603117663943001843299831387136328216838217264706776127180634543026247088325053146649297984318518687603134989588882886564696741023799853284732841037654928273462841198676570497183312899879812961606486475802337810939656260907864003156755185857515502346270428113941
1	557524898218613722180449573919898957730283922298197496403419233149177027993327324553886302459193280375293190747004661418588543039359940450231949206928925034250019027039650388826367313782690512597843388325509015455538319670276057072799587930154079382202750872494650250037398390867966017780082910293758625725174833
1	351356836898188856165804158564102988986272680198343213879238162557554272849961490994897096862304098569846229585351895998172988061263295804573259656449999630959647407665613005458283567540133083460099218684305160781875711875538556801087240310149185443992358622770066042992318777578249417455156417424712466415835439
1	452988979802623649271615278809917903155855686867285465827778126933706335244578451200032620748094540304925717481941287402603191219479951615813458730629751590328140459469715940921423442448436041485747753014476075057624884732099296371649665193250189498039735083901903328155386192580222389446317364613678879540240369
1	426855000198626131044406705032422639512248628009557458183867850379838662057391232861569200320319855287333849165675443898606853264509954407208836111554958229347670817577232328945187474614872423707723844186717839958146525997555106196362184509024217026998981136753716597684883143008286482362875978193658947879463803
1	206168061320424866014645415355795968744011242099854282524181070591622755143365833558989205596889181805446961161652765420415554978096644645658689550478925403290371619374037383368083746242557429137744169641203854673662607794737500271712347620004893938210392249724584207045079613289716600324926492869046157937250679
1	508160714522173965529055601229074570847915033344711259742699821880760311973084801025677619428952208675397439482946957022151015791083279056200995370898759796842465259020514677315699374541514790128242671650854571378745864282803697852812124415505020270236882305659186425815337075009864859955804735944832081217995243
1	365875714455965255180920032884933691010498824008192107014743871754147424620621056738487885988845590246286156427721809055948731369579960920464716667047107053726574986494770567667303549669890648892334723588615291392697022283618662454024729579163614594570555260074614226587042694007102699168179409880279099995918687
1	377490816502186374393012732341598252629879739056071221523148439111421946037148709333360517290078783587438097901617739502169326016233293013177882275524792991940117049558096617434519535373696701238123127512063395881354070610082746976374720994375157915033112569918252773462821827150185324538597803844732402927268459
1	421047449175515571438360355304090358702558170485617900929665566701201401349127406564132884669703258616757878428727478675496555941183288360852253307316115260240899786045569304061579481762969397534829642224993787713818001834323063935187188801418445366767702481831897324246993576436745169677666781211432297552548137
1	316511530759525498529526060194109304128129935054705870354024460485730708600378533210279202958604518546390405163664104659511204121303299526433762831016941816319021218475634856156635610428714926422734006913960847315904566896146303234037266064514555482604686693239150402364981378149001541343901235531352551540926537
1	322319081782636058135572409922441584937820392578645427608226744164367969308642359507715518609221115216966375900612069882621501444629965572790345635255784785425792250007297881040243603280617952595628208875684899560233091059378345495212261772120327142835965348160969675802870944720542854029110432513579206642865211
1	601081530891942919225797196882391063802962353727744175809936360738956483305306021784658669838817755404612971274114400591915772964309935797906320238720247302550801763527123075453427260171963208894549903038439407288002250894516374031612055737197366833937340784408294800821570140154525862919151887660458516667013937
