sieve choosen 743
number of total trys 10250
0.975609756097561% Erfolgsquote 
1	548813571683947882771380049327400536515748236012288160522115807631221136930931585107731828983268385369429234641582713583923097054369941380697075000570660580589862479742155851500955324504835973338502085382922937089045533425427993681037094368745421891855832890111921339880564041010654048752269114820418646140035671
1	307800204224859659120456535601610882913594248768796534472721034967774817537982793764124729482679623540526449058242156824845758136313300456898888624658677362658864671178140318831223621150860387163392703971374768949411780651298239842274772503105897992257768710856421492208147028291689572316087440058012574084090227
1	595273979868832359619750847154058782993271896203804618555734077060319222597042195487222354188201158734037000537166435368805475640983269751549737434481404333444030731995460050569819267320060182721655701076715355043673726731284331770437060029591595173706062129486475527383680573582984550233942690678231864425766853
1	150996326600874549757205092936639301051951895622428488609259375644568778414859483733344206916031513434975239160647095800867730406493317205271152910209917196776046819823238646973807814149478680495249251004825358352541628244033098790549888397750063166013245027967301109385128730860074129815439121537892962124281627
1	206168061320424866014645415355795968744011242099854282524181070591622755143365833558989205596889181805446961161652765420415554978096644645658689550478925403290371619374037383368083746242557429137744169641203854673662607794737500271712347620004893938210392249724584207045079613289716600324926492869046160740288199
1	577851326799500680801611797969061940564200523631985946793127226024407440472250716594913407236351368722309088326322539699474583671003271612479989021764875426123717637400470975918995288764351104202973095191543198310688154241588204986912072906774280193012226164721017707070011873868360612178315099731551903879600131
1	534294694126171483756264175006569834491522092202439267386610098434627985160272019364141039856726893692989307799212800526147353746053276264805617989973553157822934900912998289291935342375078407906266580478612806478224223017347888028099605099730992741277636252807373156285840124581800767039246122364852015402482407
1	278762449109306861090224786959949478865141961149098748201709616574588513996663662276943151229596640187646595373502330709294271519679970225115974603464462517125009513519825194413183656891345256298921694162754507727769159835138028536399793965077039691101375436247325125018699195433983008890041455146879314355945567
1	554621122707058442377426399055732817325438693536227717776318091309858397639195411405168144633884982040005205378530678807033394377696607427053657804809503549696633511273818876384563317356738999511396287344646989333374057588660035942212090076351193552087111545033740613318453607582195361437478311802645297916649673
1	220686938878201265029761289676626670768237385909703175659686779788215906914025399302579994723430673481886888004022678478191298286413309761550146561076032826057299198203194945577103728372314994569979674545513985284483918202817605924649836889019323088788588887029132390639803529718569882037949485324612789660887413
1	362971938944409975377896858020767550605653595246222328387642729914828794266489143589769728163537291910998171059247826444393582707916627897286425264927685569173189470728939055225499553243939135805887622607753265270532760202002641323437231725360728764454915932613704589868097910721332042825574811389165772577753251
1	522679592079950364544171475549905272872141177154560152878205531077353463743744366769268408555493700351837366325316870079926759099399944172092452381495867219609392837849672239524719356671272355560478176555164701989567174690883803505749613684519449420815078942963734609410060991438718141668827728400398708007042497
1	78401938811992554681625721332485790930821176573184022931730829661603019561561655015390261283324055052775604948797530511989013864909991625813867857224380082941408925677450835928707903500690853334071726483274705298435076203632570525862442052677917413122261841444560191411509148715807721250324159260059808443930783
1	322319081782636058135572409922441584937820392578645427608226744164367969308642359507715518609221115216966375900612069882621501444629965572790345635255784785425792250007297881040243603280617952595628208875684899560233091059378345495212261772120327142835965348160969675802870944720542854029110432513579206120614417
1	26133979603997518227208573777495263643607058857728007643910276553867673187187218338463420427774685017591868316265843503996337954969997208604622619074793360980469641892483611976235967833563617778023908827758235099478358734544190175287480684225972471040753947148186730470503049571935907083441386420019937785880293
1	90017040858213673893718420789150352550202091621063137440135397018877540978089307610262892584557248393927546422693460958209608511563323718527033465702066021154950988740776885695923889204496905679860130406722809787092124530096655048212433467889460733584819151288198738287288281858890346620742553224513113029857357
1	595273979868832359619750847154058782993271896203804618555734077060319222597042195487222354188201158734037000537166435368805475640983269751549737434481404333444030731995460050569819267320060182721655701076715355043673726731284331770437060029591595173706062129486475527383680573582984550233942690678231865638069031
1	14518877557776399015115874320830702024226143809848893135505709196593151770659565743590789126541491676439926842369913057775743308316665115891457010597107422766927578829157562209019982129757565432235504904310130610821310408080105652937489269014429150578196637304548183594723916428853281713022992455566634494752803
1	351356836898188856165804158564102988986272680198343213879238162557554272849961490994897096862304098569846229585351895998172988061263295804573259656449999630959647407665613005458283567540133083460099218684305160781875711875538556801087240310149185443992358622770066042992318777578249417455156417424712469253786229
1	299088877690193819711387011009112461699058562482887198591417609449818926475587054317970256006754728534662492952820208990180312151323301387364014418300412908998708123880645781505811631873005847904051401028788690582918994406450176450512278941697240501910850728473692582051312678434377603288273644584672595640998693
1	432662551221736690650453054760754920321939085533497015438070134058475922765655059159005515970936451957909819902623409121717150587836620453565418915793801198454441849108895353828795467466775449880618046148441892202475050160787148457537180216629988687230259791675535871122772709579827795048085175175885602145506177
1	87113265346658394090695245924984212145356862859093358813034255179558910623957394461544734759248950058639561054219478346654459849899990695348742063582644536601565472974945373254119892778545392593413029425860783664927862448480633917624935614086574903469179823827289101568343498573119690278137954733399788574056093
1	246820918482198783256969863454121934411844444767431183303597056342083580101212617641043415151205358499478756320288521982187636241383306970154769180150826187037768840095678557553339696205878612348003583373272220383962276937361796099937317573245295559829342834177319121110306579290505789121390871744632724002992119
1	31941530627108077833254923505827544453297516381667564898112560232504933895451044635899736078391281688167839053213808727106635278296663254961205423313636330087240673424146636859843960685466643950918110789482287343806882897776232436462476391831744131272032602070006003908392616143477219768650583402246591765776723
1	316511530759525498529526060194109304128129935054705870354024460485730708600378533210279202958604518546390405163664104659511204121303299526433762831016941816319021218475634856156635610428714926422734006913960847315904566896146303234037266064514555482604686693239150402364981378149001541343901235531352554339463923
1	531390918614616203953241000142403694086676863440469488759508956595309354806140106215422882031418595357701322430738817914592205084389943241627326587854131673269549385147166776850131345949126894819819479497750780356059960935731866897512107245928106911161996925346463519566895341296030110696641523873738689132752659
1	473315408383510607892777502859080885989772288201073916217486119808936747723501843241059725525252628651941615061259165683489231851123282778061498545465701982201839069830536528014051417430096633090877459880510257912774719303411444285762150169870390308849210376128270785187999675580616983844549554051472163506337277
1	487834285941287006907893377179911588013998432010922809352991829005529899494161408984650514651794120328381541903629078741264975159439947893952955556062809404968766648659694090223071399559854198523112964784820388523596029711491549938699639438884819459427407013432818968782723592009470265557572546507038794242953701
1	487834285941287006907893377179911588013998432010922809352991829005529899494161408984650514651794120328381541903629078741264975159439947893952955556062809404968766648659694090223071399559854198523112964784820388523596029711491549938699639438884819459427407013432818968782723592009470265557572546507038798190852357
1	72594387788881995075579371604153510121130719049244465677528545982965758853297828717953945632707458382199634211849565288878716541583325579457285052985537113834637894145787811045099910648787827161177524521550653054106552040400528264687446345072145752890983186522740917973619582144266408565114962277833159102338911
1	319415306271080778332549235058275444532975163816675648981125602325049338954510446358997360783912816881678390532138087271066352782966632549612054233136363300872406734241466368598439606854666439509181107894822873438068828977762324364624763918317441312720326020700060039083926161434772197686505834022465882391449297
1	255532245016864622666039388046620355626380131053340519184900481860039471163608357087197888627130253505342712425710469816853082226373306039689643386509090640697925387393173094878751685483733151607344886315858298750455063182209859491699811134653953050176260816560048031267140929147817758149204667217972705124301399
1	217783163366645985226738114812460530363392157147733397032585637948897276559893486153861836898122375146598902635548695866636149624749976738371855158956611341503913682437363433135299731946363481483532573564651959162319656121201584794062339035216437258672949559568222753920858746432799225695344886833499464813797679
1	156803877623985109363251442664971581861642353146368045863461659323206039123123310030780522566648110105551209897595061023978027729819983251627735714448760165882817851354901671857415807001381706668143452966549410596870152407265141051724884105355834826244523682889120382823018297431615442500648318520119617379262263
1	603985306403498199028820371746557204207807582489713954437037502578275113659437934933376827664126053739900956642588383203470921625973268821084611640839668787104187279292954587895231256597914721980997004019301433410166512976132395162199553591000252664052980111869204437540514923440296519261756486151571842873806707
1	482026734918176447301847027451579307204307974486983252098789545326892638785897582687214199001177523657805571166681113518154677836113281847596372751823966435861995617128031065339463406707951172350218762823096336279267505548259507677524643731279047799196128358510999695344834025437928952872363349524812146645630679
1	121958571485321751726973344294977897003499608002730702338247957251382474873540352246162628662948530082095385475907269685316243789859986973488238889015702351242191662164923522555767849889963549630778241196205097130899007427872887484674909859721204864856851753358204742195680898002367566389393136626759702462103237
1	528487143103060924150217825278237553681831634678499710132407814755990724452008193066704724206110297022413337062264835303037056422726610218449035185734710188716163869381335264408327349523175381733372378516888754233895698854115845766924609392125221081046357597885553882847950558010259454354036925382625365012654109
1	261339796039975182272085737774952636436070588577280076439102765538676731871872183384634204277746850175918683162658435039963379549699972086046226190747933609804696418924836119762359678335636177780239088277582350994783587345441901752874806842259724710407539471481867304705030495719359070834413864200199358683468779
1	429758775710181410847429879896588779917093856771527236810968992219157292411523146010287358145628153622621834534149426510162001926173287430387127513674379713901056333343063841386991471040823936794170945167579866080310788079171127326949682362827102857114620464214626234403827926294057138705480576684772274098166879
1	220686938878201265029761289676626670768237385909703175659686779788215906914025399302579994723430673481886888004022678478191298286413309761550146561076032826057299198203194945577103728372314994569979674545513985284483918202817605924649836889019323088788588887029132390639803529718569882037949485324612791412836611
1	374587040990631094589989557477432112225034510294101442896047297272103315683016796184642359464770485252150112533143756890614177354569959989999590873405371507386731533792265104992715538947745188151676026531201369759189808528466725845787223140572272084917473242457343136743877043864414668195993205353619079189400161
1	249724693993754063059993038318288074816689673529400961930698198181402210455344530789761572976513656834766741688762504593742784903046639993333060582270247671591154355861510069995143692631830125434450684354134246506126539018977817230524815427048181389944982161638228757829251362576276445463995470235746052823558801
1	34845306138663357636278098369993684858142745143637343525213702071823564249582957784617893903699580023455824421687791338661783939959996278139496825433057814640626189189978149301647957111418157037365211770344313465971144979392253567049974245634629961387671929530915640627337399429247876111255181893359919183246481
1	43556632673329197045347622962492106072678431429546679406517127589779455311978697230772367379624475029319780527109739173327229924949995347674371031791322268300782736487472686627059946389272696296706514712930391832463931224240316958812467807043287451734589911913644550784171749286559845139068977366699895968769363
1	267147347063085741878132087503284917245761046101219633693305049217313992580136009682070519928363446846494653899606400263073676873026638132402808994986776578911467450456499144645967671187539203953133290239306403239112111508673944014049802549865496370638818126403686578142920062290900383519623061182426010983491381
1	310703979736414938923479710465777023318439477530766313099822176807093447892114706912842887307987921875814434426716139436400906797976633480077180026778098847212250186943971831273027617576811900249839804952236795071576042732914260972862270356908783822373408038317331128927091811577460228658692038549125899245347769
1	119054795973766471923950169430811756598654379240760923711146815412063844519408439097444470837640231746807400107433287073761095128196653950309947486896280866688806146399092010113963853464012036544331140215343071008734745346256866354087412005918319034741212425897295105476736114716596910046788538135646377457757027
1	310703979736414938923479710465777023318439477530766313099822176807093447892114706912842887307987921875814434426716139436400906797976633480077180026778098847212250186943971831273027617576811900249839804952236795071576042732914260972862270356908783822373408038317331128927091811577460228658692038549125902047400939
1	110343469439100632514880644838313335384118692954851587829843389894107953457012699651289997361715336740943444002011339239095649143206654880775073280538016413028649599101597472788551864186157497284989837272756992642241959101408802962324918444509661544394294443514566195319901764859284941018974742662306395068294971
1	374587040990631094589989557477432112225034510294101442896047297272103315683016796184642359464770485252150112533143756890614177354569959989999590873405371507386731533792265104992715538947745188151676026531201369759189808528466725845787223140572272084917473242457343136743877043864414668195993205353619078436747087
1	513968265545284525135101950957406851657605490868650816996902105559397572681348627323113935079568805345973410219894922245261313114409945102557578175137602765949236290552177702199307367393417816301136873612578623623074388446035740113987120123110791930468160960581005699253226641581406172641013932927058731856083413
1	543006020660837323165333699599068255706057778488348603267913523952583876222667758810295513332651788698853263904634748360812799731043275334340492196331817611483091448210492826617347331652932947165607883421198884844717009262195951419862098661139650231624554235190102066442674474439112736067059917838191995748175509
1	534294694126171483756264175006569834491522092202439267386610098434627985160272019364141039856726893692989307799212800526147353746053276264805617989973553157822934900912998289291935342375078407906266580478612806478224223017347888028099605099730992741277636252807373156285840124581800767039246122364852015334658467
1	37749081650218637439301273234159825262987973905607122152314843911142194603714870933336051729007878358743809790161773950216932601623329301317788227552479299194011704955809661743451953537369670123812312751206339588135407061008274697637472099437515791503311256991825277346282182715018532453859780384473242372056323
1	400721020594628612817198131254927375868641569151829450539957573825970988870204014523105779892545170269741980849409600394610515309539957198604213492480164868367201175684748716968951506781308805929699935358959604858668167263010916021074703824798244555958227189605529867214380093436350575279434591773639012614745169
1	438470102244847250256499404489087201131629543057436572692272417737113183473918885456441831621553048628485790639571374344827447911163286499922001720032644167561212880640558378712403460318678476053512248110165944446803574324019190718712175924235760347461538446597355144560662276151369107733294372158112252018686423
1	487834285941287006907893377179911588013998432010922809352991829005529899494161408984650514651794120328381541903629078741264975159439947893952955556062809404968766648659694090223071399559854198523112964784820388523596029711491549938699639438884819459427407013432818968782723592009470265557572546507038796531588787
1	293281326667083260105340661280780180889368104958947641337215325771181665767323228020533940356138131864086522215872243767070014827996635341007431614061569939891937092348982756622203639021102821731157199067064638338590470243218134189337283234091468841679572073551873308613423111862836290603064447602445944648050053
1	217783163366645985226738114812460530363392157147733397032585637948897276559893486153861836898122375146598902635548695866636149624749976738371855158956611341503913682437363433135299731946363481483532573564651959162319656121201584794062339035216437258672949559568222753920858746432799225695344886833499462523975309
1	264243571551530462075108912639118776840915817339249855066203907377995362226004096533352362103055148511206668531132417651518528211363305109224517592867355094358081934690667632204163674761587690866686189258444377116947849427057922883462304696062610540523178798942776941423975279005129727177018462691312683563091549
1	580755102311055960604634972833228080969045752393955725420228367863726070826382629743631565061659667057597073694796522311029732332666604635658280423884296910677103153166302488360799285190302617289420196172405224432852416323204226117499570760577166023127865492181927343788956657154131268520919698222665233634226959
1	322319081782636058135572409922441584937820392578645427608226744164367969308642359507715518609221115216966375900612069882621501444629965572790345635255784785425792250007297881040243603280617952595628208875684899560233091059378345495212261772120327142835965348160969675802870944720542854029110432513579202904673161
1	415239898152405011832314005575758077892867712961678343675463283022564140640863580266696569019086661946181907691779513452386258617856622314495670503077272291134128754513906279177971488911066371361935440263269735469489477671091021674012193093812673706536423826910078050809104009865203856992457584229205640549003969
1	310703979736414938923479710465777023318439477530766313099822176807093447892114706912842887307987921875814434426716139436400906797976633480077180026778098847212250186943971831273027617576811900249839804952236795071576042732914260972862270356908783822373408038317331128927091811577460228658692038549125898310426971
1	261339796039975182272085737774952636436070588577280076439102765538676731871872183384634204277746850175918683162658435039963379549699972086046226190747933609804696418924836119762359678335636177780239088277582350994783587345441901752874806842259724710407539471481867304705030495719359070834413864200199353803334483
1	150996326600874549757205092936639301051951895622428488609259375644568778414859483733344206916031513434975239160647095800867730406493317205271152910209917196776046819823238646973807814149478680495249251004825358352541628244033098790549888397750063166013245027967301109385128730860074129815439121537892963428988011
1	119054795973766471923950169430811756598654379240760923711146815412063844519408439097444470837640231746807400107433287073761095128196653950309947486896280866688806146399092010113963853464012036544331140215343071008734745346256866354087412005918319034741212425897295105476736114716596910046788538135646378219021241
1	609792857426608758634866721474889485017498040013653511691239786256912374367701761230813143314742650410476927379536348426581218949299934867441194445078511756210958310824617612778839249449817748153891205981025485654495037139364437423374549298606024324284258766791023710978404490011837831946965683133798494720252117
1	31941530627108077833254923505827544453297516381667564898112560232504933895451044635899736078391281688167839053213808727106635278296663254961205423313636330087240673424146636859843960685466643950918110789482287343806882897776232436462476391831744131272032602070006003908392616143477219768650583402246591822860697
1	252628469505309342863016213182454215221534902291370740557799340020720840809476443938479730801821955170054727057236487205297933564709973016511351984389669156144539871627341582436947689057781638520897785334996272628290801100593838361112313280851067220060621489099138394548196145862047101806600068726859375361290081
1	49364183696439756651393972690824386882368888953486236660719411268416716020242523528208683030241071699895751264057704396437527248276661394030953836030165237407553768019135711510667939241175722469600716674654444076792455387472359219987463514649059111965868566835463824222061315858101157824278174348926545045863539
1	319415306271080778332549235058275444532975163816675648981125602325049338954510446358997360783912816881678390532138087271066352782966632549612054233136363300872406734241466368598439606854666439509181107894822873438068828977762324364624763918317441312720326020700060039083926161434772197686505834022465879974661271
1	322319081782636058135572409922441584937820392578645427608226744164367969308642359507715518609221115216966375900612069882621501444629965572790345635255784785425792250007297881040243603280617952595628208875684899560233091059378345495212261772120327142835965348160969675802870944720542854029110432513579203834580721
1	145188775577763990151158743208307020242261438098488931355057091965931517706595657435907891265414916764399268423699130577757433083166651158914570105971074227669275788291575622090199821297575654322355049043101306108213104080801056529374892690144291505781966373045481835947239164288532817130229924555666311641572209
1	206168061320424866014645415355795968744011242099854282524181070591622755143365833558989205596889181805446961161652765420415554978096644645658689550478925403290371619374037383368083746242557429137744169641203854673662607794737500271712347620004893938210392249724584207045079613289716600324926492869046160673257509
1	423951224687070851241383530168256499107403399247587679556766708540520031703259319712851042495011556952045863797201461287051704602846621384030544709435536744794285301811400816503383478188920910621276743205855813835982263915939085065774686655221331196883341809292806960965938359722515826020271379702545623695260117
1	412336122640849732029290830711591937488022484199708565048362141183245510286731667117978411193778363610893922323305530840831109956193289291317379100957850806580743238748074766736167492485114858275488339282407709347325215589475000543424695240009787876420784499449168414090159226579433200649852985738092317211680649
1	377490816502186374393012732341598252629879739056071221523148439111421946037148709333360517290078783587438097901617739502169326016233293013177882275524792991940117049558096617434519535373696701238123127512063395881354070610082746976374720994375157915033112569918252773462821827150185324538597803844732399701669677
1	110343469439100632514880644838313335384118692954851587829843389894107953457012699651289997361715336740943444002011339239095649143206654880775073280538016413028649599101597472788551864186157497284989837272756992642241959101408802962324918444509661544394294443514566195319901764859284941018974742662306399781136633
1	243917142970643503453946688589955794006999216005461404676495914502764949747080704492325257325897060164190770951814539370632487579719973946976477778031404702484383324329847045111535699779927099261556482392410194261798014855745774969349819719442409729713703506716409484391361796004735132778786273253519400655571769
1	29037755115552798030231748641661404048452287619697786271011418393186303541319131487181578253082983352879853684739826115551486616633330231782914021194214845533855157658315124418039964259515130864471009808620261221642620816160211305874978538028858301156393274609096367189447832857706563426045984911133267643411533
1	72594387788881995075579371604153510121130719049244465677528545982965758853297828717953945632707458382199634211849565288878716541583325579457285052985537113834637894145787811045099910648787827161177524521550653054106552040400528264687446345072145752890983186522740917973619582144266408565114962277833157963390517
1	223590714389756544832784464540792811173082614671672954286787921627534537268157312451298152548738971817174873372496661089746446948076642784728437963195454310610684713969026458018907724798266507656426775526376011406648180284433627055237334742822208918904228214490042027358748313004340538380554083815726117628532131
1	423951224687070851241383530168256499107403399247587679556766708540520031703259319712851042495011556952045863797201461287051704602846621384030544709435536744794285301811400816503383478188920910621276743205855813835982263915939085065774686655221331196883341809292806960965938359722515826020271379702545623695571011
1	406528571617739172423244480983259656678332026675769007794159857504608249578467840820542095543161766940317951586357565617720812632866623244960796296719007837473972207216411741852559499633211832102594137320683657102996691426242958282249699532404016216189505844527349140652269660007891887964643788755865662111586347
1	60979285742660875863486672147488948501749804001365351169123978625691237436770176123081314331474265041047692737953634842658121894929993486744119444507851175621095831082461761277883924944981774815389120598102548565449503713936443742337454929860602432428425876679102371097840449001183783194696568313379850562934113
1	601081530891942919225797196882391063802962353727744175809936360738956483305306021784658669838817755404612971274114400591915772964309935797906320238720247302550801763527123075453427260171963208894549903038439407288002250894516374031612055737197366833937340784408294800821570140154525862919151887660458513060773377
1	182937857227982627590460016442466845505249412004096053507371935877073712310310528369243942994422795123143078213860904527974365684789980460232358333523553526863287493247385283833651774834945324446167361794307645696348511141809331227012364789581807297285277630037307113293521347003551349584089704940139551493196403
1	333934183828857177347665109379106146557201307626524542116631311521642490725170012102588149910454308558118317374508000328842096091283297665503511243733470723639334313070623930807459588984424004941416612799133004048890139385842430017562253187331870463298522658004608222678650077863625479399528826478032510710049803
1	589466428845721800013704497425726502183581438679865061301531793381681961888778369189786038537584562063461029800218470145695178317656603705193154630242561364337259700463797025686211274468157156548761499114991302799345202568052289509262064321985823513474783474564656253945791007011443237548733493696005210393651753
1	191649183762648466999529541034965266719785098290005389388675361395029603372706267815398416470347690129007034319282852362639811669779979529767232539881817980523444040544879821159063764112799863705508664736893724062841297386657394618774858350990464787632195612420036023450355696860863318611903500413479529880616533
1	563332449241724281786495923648231238539974379822137053657621516827814288701591150851322618109809877045869161483952626641698840362686606496588532011167768003356790058571313413709975306634593538770737590287233067699866843833508099333974583637759851042434029527416469523475287957439507330465292107275985274069504029
1	496545612475952846316962901772410009228534118296832145234295254523485790556557148430804988127719015334245498009051026575930421144429946963487829762421073858628923195957188627548483388837708737782454267727406466890088815956339613330462133000293476949774324995815547878939557941866782234585386341980378773669915541
1	197456734785759026605575890763297547529475555813944946642877645073666864080970094112834732120964286799583005056230817585750108993106645576123815344120660949630215072076542846042671756964702889878402866698617776307169821549889436879949854058596236447863474267341855296888245263432404631297112697395706182301916303
1	209071836831980145817668590219962109148856470861824061151282212430941385497497746707707363422197480140734946530126748031970703639759977668836980952598346887843757135139868895809887742668508942224191270622065880795826869876353521402299845473807779768326031577185493843764024396575487256667531091360159485072708129
1	20326428580886958621162224049162982833916601333788450389707992875230412478923392041027104777158088347015897579317878280886040631643331162248039814835950391873698610360820587092627974981660591605129706866034182855149834571312147914112484976620200810809475292226367457032613483000394594398232189437793287234599019
1	270051122574641021681155262367451057650606274863189412320406191056632622934267922830788677753671745181782639268080382874628825534689971155581100397106198063464852966222330657087771667613490717039580391220168429361276373590289965144637300403668382200754457453864596214861864845576671039862227659673539335988554803
1	148092551089319269954181918072473160647106666860458709982158233805250148060727570584626049090723215099687253792173113189312581744829984182092861508090495712222661304057407134532003817723527167408802150023963332230377366162417077659962390543947177335897605700506391472666183947574303473472834523046779638936623831
1	241013367459088223650923513725789653602153987243491626049394772663446319392948791343607099500588761828902785583340556759077338918056640923798186375911983217930997808564015532669731703353975586175109381411548168139633752774129753838762321865639523899598064179255499847672417012718964476436181674762406074384400567
