sieve choosen 743
number of total trys 14659
0.6821747731768879% Erfolgsquote 
1	319415306271080778332549235058275444532975163816675648981125602325049338954510446358997360783912816881678390532138087271066352782966632549612054233136363300872406734241466368598439606854666439509181107894822873438068828977762324364624763918317441312720326020700060039083926161434772197686505834022465879977466493
1	90017040858213673893718420789150352550202091621063137440135397018877540978089307610262892584557248393927546422693460958209608511563323718527033465702066021154950988740776885695923889204496905679860130406722809787092124530096655048212433467889460733584819151288198738287288281858890346620742553224513112039986671
1	185841632739537907393483191306632985910094640766065832134473077716392342664442441517962100819731093458431063582334887139529514346453313483410649735642975011416673009013216796275455771260896837532614462775169671818512773223425352357599862643384693127400916957498216750012466130289322005926694303431252874901988763
1	296185102178638539908363836144946321294213333720917419964316467610500296121455141169252098181446430199374507584346226378625163489659968364185723016180991424445322608114814269064007635447054334817604300047926664460754732324834155319924781087894354671795211401012782945332367895148606946945669046093559270800727103
1	255532245016864622666039388046620355626380131053340519184900481860039471163608357087197888627130253505342712425710469816853082226373306039689643386509090640697925387393173094878751685483733151607344886315858298750455063182209859491699811134653953050176260816560048031267140929147817758149204667217972703434705441
1	511064490033729245332078776093240711252760262106681038369800963720078942327216714174395777254260507010685424851420939633706164452746612079379286773018181281395850774786346189757503370967466303214689772631716597500910126364419718983399622269307906100352521633120096062534281858295635516298409334435945403420266197
1	107439693927545352711857469974147194979273464192881809202742248054789323102880786502571839536407038405655458633537356627540500481543321857596781878418594928475264083335765960346747867760205984198542736291894966520077697019792781831737420590706775714278655116053656558600956981573514284676370144171193069914621899
1	328126632805746617741618759650773865747510850102584984862429027843005230016906185805151834259837711887542346637560035105731798767956631619146928439494627754532563281538960905923851596132520978768522410837408951804561615222610387756387257479726098803067244003082788949240760511292084166714319629495805857121438713
1	537198469637726763559287349870735974896367320964409046013711240273946615514403932512859197682035192028277293167686783137702502407716609287983909392092974642376320416678829801733739338801029920992713681459474832600388485098963909158687102953533878571393275580268282793004784907867571423381850720855965341033831391
1	252628469505309342863016213182454215221534902291370740557799340020720840809476443938479730801821955170054727057236487205297933564709973016511351984389669156144539871627341582436947689057781638520897785334996272628290801100593838361112313280851067220060621489099138394548196145862047101806600068726859377286449779
1	156803877623985109363251442664971581861642353146368045863461659323206039123123310030780522566648110105551209897595061023978027729819983251627735714448760165882817851354901671857415807001381706668143452966549410596870152407265141051724884105355834826244523682889120382823018297431615442500648318520119612503812263
1	284570000132417420696271136688281759674832418673038305455911900253225774704927488574379466880213236858222566110450295932404568843006636271472557407703305486231780545051488219296791649743248282471815896124478559972097683998370070797574789672682811351332654091169144398456588762005524321575250652129105962991037753
1	423951224687070851241383530168256499107403399247587679556766708540520031703259319712851042495011556952045863797201461287051704602846621384030544709435536744794285301811400816503383478188920910621276743205855813835982263915939085065774686655221331196883341809292806960965938359722515826020271379702545618995295219
1	98728367392879513302787945381648773764737777906972473321438822536833432040485047056417366060482143399791502528115408792875054496553322788061907672060330474815107536038271423021335878482351444939201433349308888153584910774944718439974927029298118223931737133670927648444122631716202315648556348697853090481256101
1	78401938811992554681625721332485790930821176573184022931730829661603019561561655015390261283324055052775604948797530511989013864909991625813867857224380082941408925677450835928707903500690853334071726483274705298435076203632570525862442052677917413122261841444560191411509148715807721250324159260059807447297803
1	342645510363523016756734633971604567771736993912433877997934737039598381787565751548742623386379203563982273479929948163507542076273296735038385450091735177299490860368118468132871578262278544200757915741719082415382925630690493409324746748740527953645440640387337132835484427720937448427342621951372485936262449
1	551717347195503162574403224191566676920593464774257939149216949470539767285063498256449986808576683704717220010056696195478245716033274403875366402690082065143247995507987363942759320930787486424949186363784963211209795507044014811624592222548307721971472217572830976599508824296424705094873713311531970471150013
1	476219183895065887695800677723247026394617516963043694844587261648255378077633756389777883350560926987229600429733148295044380512786615801239789947585123466755224585596368040455855413856048146177324560861372284034938981385027465416349648023673276138964849703589180421906944458866387640187154152542585490639861603
1	113247244950655912317903819702479475788963921716821366456944531733426583811144612800008155187023635076231429370485321850650797804869987903953364682657437897582035114867428985230355860612109010371436938253619018764406221183024824092912416298312547374509933770975475832038846548145055597361579341153419720293159651
1	362971938944409975377896858020767550605653595246222328387642729914828794266489143589769728163537291910998171059247826444393582707916627897286425264927685569173189470728939055225499553243939135805887622607753265270532760202002641323437231725360728764454915932613704589868097910721332042825574811389165768963526979
1	197456734785759026605575890763297547529475555813944946642877645073666864080970094112834732120964286799583005056230817585750108993106645576123815344120660949630215072076542846042671756964702889878402866698617776307169821549889436879949854058596236447863474267341855296888245263432404631297112697395706178559537317
1	55171734719550316257440322419156667692059346477425793914921694947053976728506349825644998680857668370471722001005669619547824571603327440387536640269008206514324799550798736394275932093078748642494918636378496321120979550704401481162459222254830772197147221757283097659950882429642470509487371331153199262515999
1	8711326534665839409069524592498421214535686285909335881303425517955891062395739446154473475924895005863956105421947834665445984989999069534874206358264453660156547297494537325411989277854539259341302942586078366492786244848063391762493561408657490346917982382728910156834349857311969027813795473339978978942857
1	560428673730169001983472748784065098135129151060167275030520374988495658347459237702604460284501578710581176115478644030143691701023273473410240609048346518803404542805481901268171310208642025684290489306371041577702581751892078203387085783956965212318390199955559886756343174153736674122687508784871950215989071
1	438470102244847250256499404489087201131629543057436572692272417737113183473918885456441831621553048628485790639571374344827447911163286499922001720032644167561212880640558378712403460318678476053512248110165944446803574324019190718712175924235760347461538446597355144560662276151369107733294372158112249734997813
1	11615102046221119212092699456664561619380915047879114508404567357274521416527652594872631301233193341151941473895930446220594646653332092713165608477685938213542063063326049767215985703806052345788403923448104488657048326464084522349991415211543320462557309843638546875779133143082625370418393964453307046840673
1	235205816435977664044877163997457372792463529719552068795192488984809058684684965046170783849972165158326814846392591535967041594729974877441603571673140248824226777032352507786123710502072560002215179449824115895305228610897711577587326158033752239366785524333680574234527446147423163750972477780179419411017331
1	43556632673329197045347622962492106072678431429546679406517127589779455311978697230772367379624475029319780527109739173327229924949995347674371031791322268300782736487472686627059946389272696296706514712930391832463931224240316958812467807043287451734589911913644550784171749286559845139068977366699894673990231
1	168418979670206228575344142121636143481023268194247160371866226680480560539650962625653153867881303446703151371490991470198622376473315344340901322926446104096359914418227721624631792705187759013931856889997515085527200733729225574074875520567378146707080992732758929698797430574698067871066712484572917085411463
1	264243571551530462075108912639118776840915817339249855066203907377995362226004096533352362103055148511206668531132417651518528211363305109224517592867355094358081934690667632204163674761587690866686189258444377116947849427057922883462304696062610540523178798942776941423975279005129727177018462691312680889385237
1	270051122574641021681155262367451057650606274863189412320406191056632622934267922830788677753671745181782639268080382874628825534689971155581100397106198063464852966222330657087771667613490717039580391220168429361276373590289965144637300403668382200754457453864596214861864845576671039862227659673539332248008833
1	229398265412867104438830814269125091982773072195612511540990205306171797976421138748734468199355568487750844109444626312856744271403308831085020767434297279717455745500689482902515717650169533829320977488100063650976704447665669316412330450427980579135506869411861300796637879575881851065763280797952769401654941
1	313607755247970218726502885329943163723284706292736091726923318646412078246246620061561045133296220211102419795190122047956055459639966503255471428897520331765635702709803343714831614002763413336286905933098821193740304814530282103449768210711669652489047365778240765646036594863230885001296637040239227682378389
1	493641836964397566513939726908243868823688889534862366607194112684167160202425235282086830302410716998957512640577043964375272482766613940309538360301652374075537680191357115106679392411757224696007166746544440767924553874723592199874635146490591119658685668354638242220613158581011578242781743489265446529871829
1	470411632871955328089754327994914745584927059439104137590384977969618117369369930092341567699944330316653629692785183071934083189459949754883207143346280497648453554064705015572247421004145120004430358899648231790610457221795423155174652316067504478733571048667361148469054892294846327501944955560358836420517831
1	479122959406621167498823852587413166799462745725013473471688403487574008431765669538496041175869225322517585798207130906599529174449948824418081349704544951308610101362199552897659410281999659263771661842234310157103243466643486546937145877476161969080489031050090058625889242152158296529758751033698815794699521
1	511064490033729245332078776093240711252760262106681038369800963720078942327216714174395777254260507010685424851420939633706164452746612079379286773018181281395850774786346189757503370967466303214689772631716597500910126364419718983399622269307906100352521633120096062534281858295635516298409334435945403415295683
1	249724693993754063059993038318288074816689673529400961930698198181402210455344530789761572976513656834766741688762504593742784903046639993333060582270247671591154355861510069995143692631830125434450684354134246506126539018977817230524815427048181389944982161638228757829251362576276445463995470235746052437168013
1	426855000198626131044406705032422639512248628009557458183867850379838662057391232861569200320319855287333849165675443898606853264509954407208836111554958229347670817577232328945187474614872423707723844186717839958146525997555106196362184509024217026998981136753716597684883143008286482362875978193658945142384799
1	171322755181761508378367316985802283885868496956216938998967368519799190893782875774371311693189601781991136739964974081753771038136648367519192725045867588649745430184059234066435789131139272100378957870859541207691462815345246704662373374370263976822720320193668566417742213860468724213671310975686245153462411
1	473315408383510607892777502859080885989772288201073916217486119808936747723501843241059725525252628651941615061259165683489231851123282778061498545465701982201839069830536528014051417430096633090877459880510257912774719303411444285762150169870390308849210376128270785187999675580616983844549554051472163503666263
1	354260612409744135968827333428269129391117908960312992506339304396872903204093404143615254687612396905134214953825878609728136722926628827751551058569421115513032923431444517900087563966084596546546319665167186904039973957154577931674738163952071274107997950230975679711263560864020073797761015915825790530437411
1	2903775511555279803023174864166140404845228761969778627101141839318630354131913148718157825308298335287985368473982611555148661663333023178291402119421484553385515765831512441803996425951513086447100980862026122164262081616021130587497853802885830115639327460909636718944783285770656342604598491113327612644611
1	177130306204872067984413666714134564695558954480156496253169652198436451602046702071807627343806198452567107476912939304864068361463314413875775529284710557756516461715722258950043781983042298273273159832583593452019986978577288965837369081976035637053998975115487839855631780432010036898880507957912898754071097
1	229398265412867104438830814269125091982773072195612511540990205306171797976421138748734468199355568487750844109444626312856744271403308831085020767434297279717455745500689482902515717650169533829320977488100063650976704447665669316412330450427980579135506869411861300796637879575881851065763280797952767121646713
1	177130306204872067984413666714134564695558954480156496253169652198436451602046702071807627343806198452567107476912939304864068361463314413875775529284710557756516461715722258950043781983042298273273159832583593452019986978577288965837369081976035637053998975115487839855631780432010036898880507957912898749385857
1	569140000264834841392542273376563519349664837346076610911823800506451549409854977148758933760426473716445132220900591864809137686013272542945114815406610972463561090102976438593583299486496564943631792248957119944195367996740141595149579345365622702665308182338288796913177524011048643150501304258211927360354667
1	522679592079950364544171475549905272872141177154560152878205531077353463743744366769268408555493700351837366325316870079926759099399944172092452381495867219609392837849672239524719356671272355560478176555164701989567174690883803505749613684519449420815078942963734609410060991438718141668827728400398707080820509
1	592370204357277079816727672289892642588426667441834839928632935221000592242910282338504196362892860398749015168692452757250326979319936728371446032361982848890645216229628538128015270894108669635208600095853328921509464649668310639849562175788709343590422802025565890664735790297213893891338092187118537834388993
1	383298367525296933999059082069930533439570196580010778777350722790059206745412535630796832940695380258014068638565704725279623339559959059534465079763635961046888081089759642318127528225599727411017329473787448125682594773314789237549716701980929575264391224840072046900711393721726637223807000826959053919364377
1	609792857426608758634866721474889485017498040013653511691239786256912374367701761230813143314742650410476927379536348426581218949299934867441194445078511756210958310824617612778839249449817748153891205981025485654495037139364437423374549298606024324284258766791023710978404490011837831946965683133798491500717907
1	223590714389756544832784464540792811173082614671672954286787921627534537268157312451298152548738971817174873372496661089746446948076642784728437963195454310610684713969026458018907724798266507656426775526376011406648180284433627055237334742822208918904228214490042027358748313004340538380554083815726113888840969
1	525583367591505644347194650414071413276986405916529931505306672916672094097876279917986566380801998687125351693790852691481907761063277195270743783615288704162778353615503751966523353097223868646925277536026728111731436772499824636337111538322335250930718270424644246129005774724488798011432326891512036450058621
1	214879387855090705423714939948294389958546928385763618405484496109578646205761573005143679072814076811310917267074713255081000963086643715193563756837189856950528166671531920693495735520411968397085472583789933040155394039585563663474841181413551428557310232107313117201913963147028569352740288342386137365974197
1	275858673597751581287201612095783338460296732387128969574608474735269883642531749128224993404288341852358610005028348097739122858016637201937683201345041032571623997753993681971379660465393743212474593181892481605604897753522007405812296111274153860985736108786415488299754412148212352547436856655765987770217417
1	592370204357277079816727672289892642588426667441834839928632935221000592242910282338504196362892860398749015168692452757250326979319936728371446032361982848890645216229628538128015270894108669635208600095853328921509464649668310639849562175788709343590422802025565890664735790297213893891338092187118537840848639
1	156803877623985109363251442664971581861642353146368045863461659323206039123123310030780522566648110105551209897595061023978027729819983251627735714448760165882817851354901671857415807001381706668143452966549410596870152407265141051724884105355834826244523682889120382823018297431615442500648318520119615721642017
1	148092551089319269954181918072473160647106666860458709982158233805250148060727570584626049090723215099687253792173113189312581744829984182092861508090495712222661304057407134532003817723527167408802150023963332230377366162417077659962390543947177335897605700506391472666183947574303473472834523046779634053551617
1	241013367459088223650923513725789653602153987243491626049394772663446319392948791343607099500588761828902785583340556759077338918056640923798186375911983217930997808564015532669731703353975586175109381411548168139633752774129753838762321865639523899598064179255499847672417012718964476436181674762406073998081273
1	194552959274203746802552715899131407124630327051975168015776503234348233726838180964116574295655988464295019687756834974194960331443312552945523942001239465076829556310711333600867760538751376791955765717755750185005559468273415749362356204793350617747834939880945660169300480146633974954508098904592855633479221
1	211975612343535425620691765084128249553701699623793839778383354270260015851629659856425521247505778476022931898600730643525852301423310692015272354717768372397142650905700408251691739094460455310638371602927906917991131957969542532887343327610665598441670904646403480482969179861257913010135689851272810229246207
1	275858673597751581287201612095783338460296732387128969574608474735269883642531749128224993404288341852358610005028348097739122858016637201937683201345041032571623997753993681971379660465393743212474593181892481605604897753522007405812296111274153860985736108786415488299754412148212352547436856655765987767288193
1	156803877623985109363251442664971581861642353146368045863461659323206039123123310030780522566648110105551209897595061023978027729819983251627735714448760165882817851354901671857415807001381706668143452966549410596870152407265141051724884105355834826244523682889120382823018297431615442500648318520119614424074079
1	37749081650218637439301273234159825262987973905607122152314843911142194603714870933336051729007878358743809790161773950216932601623329301317788227552479299194011704955809661743451953537369670123812312751206339588135407061008274697637472099437515791503311256991825277346282182715018532453859780384473241389181739
1	470411632871955328089754327994914745584927059439104137590384977969618117369369930092341567699944330316653629692785183071934083189459949754883207143346280497648453554064705015572247421004145120004430358899648231790610457221795423155174652316067504478733571048667361148469054892294846327501944955560358839643132793
1	214879387855090705423714939948294389958546928385763618405484496109578646205761573005143679072814076811310917267074713255081000963086643715193563756837189856950528166671531920693495735520411968397085472583789933040155394039585563663474841181413551428557310232107313117201913963147028569352740288342386136376744487
1	406528571617739172423244480983259656678332026675769007794159857504608249578467840820542095543161766940317951586357565617720812632866623244960796296719007837473972207216411741852559499633211832102594137320683657102996691426242958282249699532404016216189505844527349140652269660007891887964643788755865662115823943
1	55171734719550316257440322419156667692059346477425793914921694947053976728506349825644998680857668370471722001005669619547824571603327440387536640269008206514324799550798736394275932093078748642494918636378496321120979550704401481162459222254830772197147221757283097659950882429642470509487371331153200562856173
1	511064490033729245332078776093240711252760262106681038369800963720078942327216714174395777254260507010685424851420939633706164452746612079379286773018181281395850774786346189757503370967466303214689772631716597500910126364419718983399622269307906100352521633120096062534281858295635516298409334435945404410599177
1	55171734719550316257440322419156667692059346477425793914921694947053976728506349825644998680857668370471722001005669619547824571603327440387536640269008206514324799550798736394275932093078748642494918636378496321120979550704401481162459222254830772197147221757283097659950882429642470509487371331153200564458057
1	159707653135540389166274617529137722266487581908337824490562801162524669477255223179498680391956408440839195266069043635533176391483316274806027116568181650436203367120733184299219803427333219754590553947411436719034414488881162182312381959158720656360163010350030019541963080717386098843252917011232939574552783
1	560428673730169001983472748784065098135129151060167275030520374988495658347459237702604460284501578710581176115478644030143691701023273473410240609048346518803404542805481901268171310208642025684290489306371041577702581751892078203387085783956965212318390199955559886756343174153736674122687508784871947921331269
1	511064490033729245332078776093240711252760262106681038369800963720078942327216714174395777254260507010685424851420939633706164452746612079379286773018181281395850774786346189757503370967466303214689772631716597500910126364419718983399622269307906100352521633120096062534281858295635516298409334435945405705720339
1	43556632673329197045347622962492106072678431429546679406517127589779455311978697230772367379624475029319780527109739173327229924949995347674371031791322268300782736487472686627059946389272696296706514712930391832463931224240316958812467807043287451734589911913644550784171749286559845139068977366699893679799243
1	513968265545284525135101950957406851657605490868650816996902105559397572681348627323113935079568805345973410219894922245261313114409945102557578175137602765949236290552177702199307367393417816301136873612578623623074388446035740113987120123110791930468160960581005699253226641581406172641013932927058728631160157
1	435566326733291970453476229624921060726784314295466794065171275897794553119786972307723673796244750293197805271097391733272299249499953476743710317913222683007827364874726866270599463892726962967065147129303918324639312242403169588124678070432874517345899119136445507841717492865598451390689773666998924575745529
1	609792857426608758634866721474889485017498040013653511691239786256912374367701761230813143314742650410476927379536348426581218949299934867441194445078511756210958310824617612778839249449817748153891205981025485654495037139364437423374549298606024324284258766791023710978404490011837831946965683133798493418168339
1	418143673663960291635337180439924218297712941723648122302564424861882770994995493415414726844394960281469893060253496063941407279519955337673961905196693775687514270279737791619775485337017884448382541244131761591653739752707042804599690947615559536652063154370987687528048793150974513335062182720318965773079301
1	69690612277326715272556196739987369716285490287274687050427404143647128499165915569235787807399160046911648843375582677323567879919992556278993650866115629281252378379956298603295914222836314074730423540688626931942289958784507134099948491269259922775343859061831281254674798858495752222510363786719829004214273
1	72594387788881995075579371604153510121130719049244465677528545982965758853297828717953945632707458382199634211849565288878716541583325579457285052985537113834637894145787811045099910648787827161177524521550653054106552040400528264687446345072145752890983186522740917973619582144266408565114962277833157448762791
1	72594387788881995075579371604153510121130719049244465677528545982965758853297828717953945632707458382199634211849565288878716541583325579457285052985537113834637894145787811045099910648787827161177524521550653054106552040400528264687446345072145752890983186522740917973619582144266408565114962277833157440312661
1	598177755380387639422774022018224923398117124965774397182835218899637852951174108635940512013509457069324985905640417980360624302646602774728028836600825817997416247761291563011623263746011695808102802057577381165837988812900352901024557883394481003821701456947385164102625356868755206576547289169345187846921837
1	162611428647095668969297792393303862671332810670307603117663943001843299831387136328216838217264706776127180634543026247088325053146649297984318518687603134989588882886564696741023799853284732841037654928273462841198676570497183312899879812961606486475802337810939656260907864003156755185857515502346265721956869
1	548813571683947882771380049327400536515748236012288160522115807631221136930931585107731828983268385369429234641582713583923097054369941380697075000570660580589862479742155851500955324504835973338502085382922937089045533425427993681037094368745421891855832890111921339880564041010654048752269114820418643339363191
1	470411632871955328089754327994914745584927059439104137590384977969618117369369930092341567699944330316653629692785183071934083189459949754883207143346280497648453554064705015572247421004145120004430358899648231790610457221795423155174652316067504478733571048667361148469054892294846327501944955560358837358589473
1	333934183828857177347665109379106146557201307626524542116631311521642490725170012102588149910454308558118317374508000328842096091283297665503511243733470723639334313070623930807459588984424004941416612799133004048890139385842430017562253187331870463298522658004608222678650077863625479399528826478032510715828271
1	415239898152405011832314005575758077892867712961678343675463283022564140640863580266696569019086661946181907691779513452386258617856622314495670503077272291134128754513906279177971488911066371361935440263269735469489477671091021674012193093812673706536423826910078050809104009865203856992457584229205641544964361
1	214879387855090705423714939948294389958546928385763618405484496109578646205761573005143679072814076811310917267074713255081000963086643715193563756837189856950528166671531920693495735520411968397085472583789933040155394039585563663474841181413551428557310232107313117201913963147028569352740288342386136377212871
1	281666224620862140893247961824115619269987189911068526828810758413907144350795575425661309054904938522934580741976313320849420181343303248294266005583884001678395029285656706854987653317296769385368795143616533849933421916754049666987291818879925521217014763708234761737643978719753665232646053637992636837856899
1	479122959406621167498823852587413166799462745725013473471688403487574008431765669538496041175869225322517585798207130906599529174449948824418081349704544951308610101362199552897659410281999659263771661842234310157103243466643486546937145877476161969080489031050090058625889242152158296529758751033698816790375467
1	545909796172392602968356874463234396110903007250318381895014665791902506576799671959013671157960087034141249273108730972367948392706608357518783598451239096036476963976324339059151328078884460252054984402060910966881271343811972550449596514942536061740193562651011703161619257724883392409664516329305319475462833
1	348453061386633576362780983699936848581427451436373435252137020718235642495829577846178939036995800234558244216877913386617839399599962781394968254330578146406261891899781493016479571114181570373652117703443134659711449793922535670499742456346299613876719295309156406273373994292478761112551818933599139160220401
1	531390918614616203953241000142403694086676863440469488759508956595309354806140106215422882031418595357701322430738817914592205084389943241627326587854131673269549385147166776850131345949126894819819479497750780356059960935731866897512107245928106911161996925346463519566895341296030110696641523873738687442784343
1	418143673663960291635337180439924218297712941723648122302564424861882770994995493415414726844394960281469893060253496063941407279519955337673961905196693775687514270279737791619775485337017884448382541244131761591653739752707042804599690947615559536652063154370987687528048793150974513335062182720318965771680477
1	165515204158650948772320967257470003076178039432277381744765084841161930185519049476934996042573005111415166003017008858643473714809982321162609920807024619542974398652396209182827796279236245927484755909135488963362938652113204443487377666764492316591441665271849292979852647288927411528462113993459592861321309
1	72594387788881995075579371604153510121130719049244465677528545982965758853297828717953945632707458382199634211849565288878716541583325579457285052985537113834637894145787811045099910648787827161177524521550653054106552040400528264687446345072145752890983186522740917973619582144266408565114962277833157448608949
1	473315408383510607892777502859080885989772288201073916217486119808936747723501843241059725525252628651941615061259165683489231851123282778061498545465701982201839069830536528014051417430096633090877459880510257912774719303411444285762150169870390308849210376128270785187999675580616983844549554051472162572569057
1	66786836765771435469533021875821229311440261525304908423326262304328498145034002420517629982090861711623663474901600065768419218256659533100702248746694144727866862614124786161491917796884800988283322559826600809778027877168486003512450637466374092659704531600921644535730015572725095879905765295606502860336031
1	601081530891942919225797196882391063802962353727744175809936360738956483305306021784658669838817755404612971274114400591915772964309935797906320238720247302550801763527123075453427260171963208894549903038439407288002250894516374031612055737197366833937340784408294800821570140154525862919151887660458513059607621
1	522679592079950364544171475549905272872141177154560152878205531077353463743744366769268408555493700351837366325316870079926759099399944172092452381495867219609392837849672239524719356671272355560478176555164701989567174690883803505749613684519449420815078942963734609410060991438718141668827728400398708010568533
