sieve choosen 743
number of total trys 12265
0.8153281695882593% Erfolgsquote 
1	470411632871955328089754327994914745584927059439104137590384977969618117369369930092341567699944330316653629692785183071934083189459949754883207143346280497648453554064705015572247421004145120004430358899648231790610457221795423155174652316067504478733571048667361148469054892294846327501944955560358837354465931
1	66786836765771435469533021875821229311440261525304908423326262304328498145034002420517629982090861711623663474901600065768419218256659533100702248746694144727866862614124786161491917796884800988283322559826600809778027877168486003512450637466374092659704531600921644535730015572725095879905765295606503853422633
1	81305714323547834484648896196651931335666405335153801558831971500921649915693568164108419108632353388063590317271513123544162526573324648992159259343801567494794441443282348370511899926642366420518827464136731420599338285248591656449939906480803243237901168905469828130453932001578377592928757751173132666810723
1	37749081650218637439301273234159825262987973905607122152314843911142194603714870933336051729007878358743809790161773950216932601623329301317788227552479299194011704955809661743451953537369670123812312751206339588135407061008274697637472099437515791503311256991825277346282182715018532453859780384473242380013141
1	537198469637726763559287349870735974896367320964409046013711240273946615514403932512859197682035192028277293167686783137702502407716609287983909392092974642376320416678829801733739338801029920992713681459474832600388485098963909158687102953533878571393275580268282793004784907867571423381850720855965339739285509
1	580755102311055960604634972833228080969045752393955725420228367863726070826382629743631565061659667057597073694796522311029732332666604635658280423884296910677103153166302488360799285190302617289420196172405224432852416323204226117499570760577166023127865492181927343788956657154131268520919698222665230026767369
1	444277653267957809862545754217419481941320000581376129946474701415750444182182711753878147272169645299061761376519339567937745234489952546278584524271487136667983912172221403596011453170581502226406450071889996691132098487251232979887171631841532007692817101519174417998551842722910420418503569140338902026848451
1	586562653334166520210681322561560361778736209917895282674430651542363331534646456041067880712276263728173044431744487534140029655993270682014863228123139879783874184697965513244407278042205643462314398134129276677180940486436268378674566468182937683359144147103746617226846223725672581206128895204891882323229367
1	142285000066208710348135568344140879837416209336519152727955950126612887352463744287189733440106618429111283055225147966202284421503318135736278703851652743115890272525744109648395824871624141235907948062239279986048841999185035398787394836341405675666327045584572199228294381002762160787625326064552981762932731
1	37749081650218637439301273234159825262987973905607122152314843911142194603714870933336051729007878358743809790161773950216932601623329301317788227552479299194011704955809661743451953537369670123812312751206339588135407061008274697637472099437515791503311256991825277346282182715018532453859780384473240459618773
1	461700306337289488680684803402416324370391373153194801709081552451662226306974190646187094224019435310789673587363235237268637204469950685348332936988016043988297006767210478246835431726290580745089055957062153424117670976947359763412158754658846988386653066284632238312220542437534358474131160087018858915286817
1	232302040924422384241853989133291232387618300957582290168091347145490428330553051897452626024663866823038829477918608924411892933066641854263312169553718764270841261266520995344319714076121046915768078468962089773140966529281690446999828304230866409251146196872770937515582662861652507408367879289066094255637487
1	43556632673329197045347622962492106072678431429546679406517127589779455311978697230772367379624475029319780527109739173327229924949995347674371031791322268300782736487472686627059946389272696296706514712930391832463931224240316958812467807043287451734589911913644550784171749286559845139068977366699892748828767
1	432662551221736690650453054760754920321939085533497015438070134058475922765655059159005515970936451957909819902623409121717150587836620453565418915793801198454441849108895353828795467466775449880618046148441892202475050160787148457537180216629988687230259791675535871122772709579827795048085175175885597442551087
1	191649183762648466999529541034965266719785098290005389388675361395029603372706267815398416470347690129007034319282852362639811669779979529767232539881817980523444040544879821159063764112799863705508664736893724062841297386657394618774858350990464787632195612420036023450355696860863318611903500413479528193633751
1	293281326667083260105340661280780180889368104958947641337215325771181665767323228020533940356138131864086522215872243767070014827996635341007431614061569939891937092348982756622203639021102821731157199067064638338590470243218134189337283234091468841679572073551873308613423111862836290603064447602445943351721467
1	46460408184884476848370797826658246477523660191516458033618269429098085666110610379490525204932773364607765895583721784882378586613328370852662433910743752854168252253304199068863942815224209383153615693792417954628193305856338089399965660846173281850229239374554187503116532572330501481673575857813220817386111
1	197456734785759026605575890763297547529475555813944946642877645073666864080970094112834732120964286799583005056230817585750108993106645576123815344120660949630215072076542846042671756964702889878402866698617776307169821549889436879949854058596236447863474267341855296888245263432404631297112697395706178567055443
1	551717347195503162574403224191566676920593464774257939149216949470539767285063498256449986808576683704717220010056696195478245716033274403875366402690082065143247995507987363942759320930787486424949186363784963211209795507044014811624592222548307721971472217572830976599508824296424705094873713311531969479346399
1	194552959274203746802552715899131407124630327051975168015776503234348233726838180964116574295655988464295019687756834974194960331443312552945523942001239465076829556310711333600867760538751376791955765717755750185005559468273415749362356204793350617747834939880945660169300480146633974954508098904592854340911073
1	31941530627108077833254923505827544453297516381667564898112560232504933895451044635899736078391281688167839053213808727106635278296663254961205423313636330087240673424146636859843960685466643950918110789482287343806882897776232436462476391831744131272032602070006003908392616143477219768650583402246590077981121
1	43556632673329197045347622962492106072678431429546679406517127589779455311978697230772367379624475029319780527109739173327229924949995347674371031791322268300782736487472686627059946389272696296706514712930391832463931224240316958812467807043287451734589911913644550784171749286559845139068977366699893679907977
1	572043775776390121195565448240729659754510066108046389538924942345770179763986890297477091585734772051733117589374574476364286347676605566123406217526032457016946605868807951035387295912448078030078893229819146066359630078356162725737077199168508532780947509799198433632122307296819299493105902749325251586445507
1	148092551089319269954181918072473160647106666860458709982158233805250148060727570584626049090723215099687253792173113189312581744829984182092861508090495712222661304057407134532003817723527167408802150023963332230377366162417077659962390543947177335897605700506391472666183947574303473472834523046779634057791411
1	209071836831980145817668590219962109148856470861824061151282212430941385497497746707707363422197480140734946530126748031970703639759977668836980952598346887843757135139868895809887742668508942224191270622065880795826869876353521402299845473807779768326031577185493843764024396575487256667531091360159483156313889
1	26133979603997518227208573777495263643607058857728007643910276553867673187187218338463420427774685017591868316265843503996337954969997208604622619074793360980469641892483611976235967833563617778023908827758235099478358734544190175287480684225972471040753947148186730470503049571935907083441386420019936800381547
1	261339796039975182272085737774952636436070588577280076439102765538676731871872183384634204277746850175918683162658435039963379549699972086046226190747933609804696418924836119762359678335636177780239088277582350994783587345441901752874806842259724710407539471481867304705030495719359070834413864200199355729447871
1	394913469571518053211151781526595095058951111627889893285755290147333728161940188225669464241928573599166010112461635171500217986213291152247630688241321899260430144153085692085343513929405779756805733397235552614339643099778873759899708117192472895726948534683710593776490526864809262594225394791412356592820241
1	63883061254216155666509847011655088906595032763335129796225120465009867790902089271799472156782563376335678106427617454213270556593326509922410846627272660174481346848293273719687921370933287901836221578964574687613765795552464872924952783663488262544065204140012007816785232286954439537301166804493176708936093
1	531390918614616203953241000142403694086676863440469488759508956595309354806140106215422882031418595357701322430738817914592205084389943241627326587854131673269549385147166776850131345949126894819819479497750780356059960935731866897512107245928106911161996925346463519566895341296030110696641523873738687441146267
1	470411632871955328089754327994914745584927059439104137590384977969618117369369930092341567699944330316653629692785183071934083189459949754883207143346280497648453554064705015572247421004145120004430358899648231790610457221795423155174652316067504478733571048667361148469054892294846327501944955560358836428186969
1	435566326733291970453476229624921060726784314295466794065171275897794553119786972307723673796244750293197805271097391733272299249499953476743710317913222683007827364874726866270599463892726962967065147129303918324639312242403169588124678070432874517345899119136445507841717492865598451390689773666998922652983979
1	508160714522173965529055601229074570847915033344711259742699821880760311973084801025677619428952208675397439482946957022151015791083279056200995370898759796842465259020514677315699374541514790128242671650854571378745864282803697852812124415505020270236882305659186425815337075009864859955804735944832077267829793
1	513968265545284525135101950957406851657605490868650816996902105559397572681348627323113935079568805345973410219894922245261313114409945102557578175137602765949236290552177702199307367393417816301136873612578623623074388446035740113987120123110791930468160960581005699253226641581406172641013932927058730557211729
1	301992653201749099514410185873278602103903791244856977218518751289137556829718967466688413832063026869950478321294191601735460812986634410542305820419834393552093639646477293947615628298957360990498502009650716705083256488066197581099776795500126332026490055934602218770257461720148259630878243075785920804196993
1	502353163499063405923009251500742290038224575820771702488497538202123051264820974728241303778335612004821468745998991799040718467756613009844412566659916827735694227488851652432091381689611763955348469689130519134417340119571655591637128707899248610005603650737367152377447508438323547270595538962605424049837413
1	609792857426608758634866721474889485017498040013653511691239786256912374367701761230813143314742650410476927379536348426581218949299934867441194445078511756210958310824617612778839249449817748153891205981025485654495037139364437423374549298606024324284258766791023710978404490011837831946965683133798491502980787
1	374587040990631094589989557477432112225034510294101442896047297272103315683016796184642359464770485252150112533143756890614177354569959989999590873405371507386731533792265104992715538947745188151676026531201369759189808528466725845787223140572272084917473242457343136743877043864414668195993205353619074491973137
1	461700306337289488680684803402416324370391373153194801709081552451662226306974190646187094224019435310789673587363235237268637204469950685348332936988016043988297006767210478246835431726290580745089055957062153424117670976947359763412158754658846988386653066284632238312220542437534358474131160087018859900087699
1	246820918482198783256969863454121934411844444767431183303597056342083580101212617641043415151205358499478756320288521982187636241383306970154769180150826187037768840095678557553339696205878612348003583373272220383962276937361796099937317573245295559829342834177319121110306579290505789121390871744632723071953281
1	583658877822611240407658147697394221373890981155925504047329509703044701180514542892349722886967965392885059063270504922584880994329937658836571826003718395230488668932134000802603281616254130375867297153267250555016678404820247248087068614380051853243504819642836980507901440439901924863524296713778557109183087
1	290377551155527980302317486416614040484522876196977862710114183931863035413191314871815782530829833528798536847398261155514866166333302317829140211942148455338551576583151244180399642595151308644710098086202612216426208161602113058749785380288583011563932746090963671894478328577065634260459849111332615286030933
1	566236224753279561589519098512397378944819608584106832284722658667132919055723064000040775935118175381157146852426609253253989024349939519766823413287189487910175574337144926151779303060545051857184691268095093822031105915124120464562081491562736872549668854877379160194232740725277986807896705767098600218886701
1	92920816369768953696741595653316492955047320383032916067236538858196171332221220758981050409865546729215531791167443569764757173226656741705324867821487505708336504506608398137727885630448418766307231387584835909256386611712676178799931321692346563700458478749108375006233065144661002963347151715626437257010969
1	156803877623985109363251442664971581861642353146368045863461659323206039123123310030780522566648110105551209897595061023978027729819983251627735714448760165882817851354901671857415807001381706668143452966549410596870152407265141051724884105355834826244523682889120382823018297431615442500648318520119612496531007
1	397817245083073333014174956390761235463796340389859671912856431986652358516072101374387622067236871934453995480935617783055366647876624175425922090360743383813815659918917204527147510355357292843252834378097578736503905181394894890487205970995358725842587862144620230495435310150579918936829993282525682739395657
1	133573673531542870939066043751642458622880523050609816846652524608656996290068004841035259964181723423247326949803200131536838436513319066201404497493388289455733725228249572322983835593769601976566645119653201619556055754336972007024901274932748185319409063201843289071460031145450191759811530591213003317583519
1	563332449241724281786495923648231238539974379822137053657621516827814288701591150851322618109809877045869161483952626641698840362686606496588532011167768003356790058571313413709975306634593538770737590287233067699866843833508099333974583637759851042434029527416469523475287957439507330465292107275985273139923737
1	444277653267957809862545754217419481941320000581376129946474701415750444182182711753878147272169645299061761376519339567937745234489952546278584524271487136667983912172221403596011453170581502226406450071889996691132098487251232979887171631841532007692817101519174417998551842722910420418503569140338903020821479
1	258436020528419902469062562910786496031225359815310297812001623699358101517740270235916046452438551840630697794184452428408230888036639062867934788628512125251310903159004607320555681909684664693791987296720324872619325263825880622287308988456838880291900144020957667986085712433588414491809265709086027659173729
1	296185102178638539908363836144946321294213333720917419964316467610500296121455141169252098181446430199374507584346226378625163489659968364185723016180991424445322608114814269064007635447054334817604300047926664460754732324834155319924781087894354671795211401012782945332367895148606946945669046093559267581067127
1	310703979736414938923479710465777023318439477530766313099822176807093447892114706912842887307987921875814434426716139436400906797976633480077180026778098847212250186943971831273027617576811900249839804952236795071576042732914260972862270356908783822373408038317331128927091811577460228658692038549125899244396527
1	241013367459088223650923513725789653602153987243491626049394772663446319392948791343607099500588761828902785583340556759077338918056640923798186375911983217930997808564015532669731703353975586175109381411548168139633752774129753838762321865639523899598064179255499847672417012718964476436181674762406072693434931
1	40652857161773917242324448098325965667833202667576900779415985750460824957846784082054209554316176694031795158635756561772081263286662324496079629671900783747397220721641174185255949963321183210259413732068365710299669142624295828224969953240401621618950584452734914065226966000789188796464378875586566598809209
1	14518877557776399015115874320830702024226143809848893135505709196593151770659565743590789126541491676439926842369913057775743308316665115891457010597107422766927578829157562209019982129757565432235504904310130610821310408080105652937489269014429150578196637304548183594723916428853281713022992455566633197314469
1	214879387855090705423714939948294389958546928385763618405484496109578646205761573005143679072814076811310917267074713255081000963086643715193563756837189856950528166671531920693495735520411968397085472583789933040155394039585563663474841181413551428557310232107313117201913963147028569352740288342386137370693077
1	557524898218613722180449573919898957730283922298197496403419233149177027993327324553886302459193280375293190747004661418588543039359940450231949206928925034250019027039650388826367313782690512597843388325509015455538319670276057072799587930154079382202750872494650250037398390867966017780082910293758620844563919
1	412336122640849732029290830711591937488022484199708565048362141183245510286731667117978411193778363610893922323305530840831109956193289291317379100957850806580743238748074766736167492485114858275488339282407709347325215589475000543424695240009787876420784499449168414090159226579433200649852985738092315391564193
1	432662551221736690650453054760754920321939085533497015438070134058475922765655059159005515970936451957909819902623409121717150587836620453565418915793801198454441849108895353828795467466775449880618046148441892202475050160787148457537180216629988687230259791675535871122772709579827795048085175175885596503131701
1	487834285941287006907893377179911588013998432010922809352991829005529899494161408984650514651794120328381541903629078741264975159439947893952955556062809404968766648659694090223071399559854198523112964784820388523596029711491549938699639438884819459427407013432818968782723592009470265557572546507038795228618643
1	55171734719550316257440322419156667692059346477425793914921694947053976728506349825644998680857668370471722001005669619547824571603327440387536640269008206514324799550798736394275932093078748642494918636378496321120979550704401481162459222254830772197147221757283097659950882429642470509487371331153198272231917
1	119054795973766471923950169430811756598654379240760923711146815412063844519408439097444470837640231746807400107433287073761095128196653950309947486896280866688806146399092010113963853464012036544331140215343071008734745346256866354087412005918319034741212425897295105476736114716596910046788538135646374503435603
1	389105918548407493605105431798262814249260654103950336031553006468696467453676361928233148591311976928590039375513669948389920662886625105891047884002478930153659112621422667201735521077502753583911531435511500370011118936546831498724712409586701235495669879761891320338600960293267949909016197809185705228129323
1	55171734719550316257440322419156667692059346477425793914921694947053976728506349825644998680857668370471722001005669619547824571603327440387536640269008206514324799550798736394275932093078748642494918636378496321120979550704401481162459222254830772197147221757283097659950882429642470509487371331153197341162743
1	238109591947532943847900338861623513197308758481521847422293630824127689038816878194888941675280463493614800214866574147522190256393307900619894973792561733377612292798184020227927706928024073088662280430686142017469490692513732708174824011836638069482424851794590210953472229433193820093577076271292745556617489
1	548813571683947882771380049327400536515748236012288160522115807631221136930931585107731828983268385369429234641582713583923097054369941380697075000570660580589862479742155851500955324504835973338502085382922937089045533425427993681037094368745421891855832890111921339880564041010654048752269114820418644329770073
1	238109591947532943847900338861623513197308758481521847422293630824127689038816878194888941675280463493614800214866574147522190256393307900619894973792561733377612292798184020227927706928024073088662280430686142017469490692513732708174824011836638069482424851794590210953472229433193820093577076271292744624993871
1	168418979670206228575344142121636143481023268194247160371866226680480560539650962625653153867881303446703151371490991470198622376473315344340901322926446104096359914418227721624631792705187759013931856889997515085527200733729225574074875520567378146707080992732758929698797430574698067871066712484572919010723149
1	304896428713304379317433360737444742508749020006826755845619893128456187183850880615406571657371325205238463689768174213290609474649967433720597222539255878105479155412308806389419624724908874076945602990512742827247518569682218711687274649303012162142129383395511855489202245005918915973482841566899246020062939
1	322319081782636058135572409922441584937820392578645427608226744164367969308642359507715518609221115216966375900612069882621501444629965572790345635255784785425792250007297881040243603280617952595628208875684899560233091059378345495212261772120327142835965348160969675802870944720542854029110432513579204820197833
1	156803877623985109363251442664971581861642353146368045863461659323206039123123310030780522566648110105551209897595061023978027729819983251627735714448760165882817851354901671857415807001381706668143452966549410596870152407265141051724884105355834826244523682889120382823018297431615442500648318520119613432408761
1	595273979868832359619750847154058782993271896203804618555734077060319222597042195487222354188201158734037000537166435368805475640983269751549737434481404333444030731995460050569819267320060182721655701076715355043673726731284331770437060029591595173706062129486475527383680573582984550233942690678231861695594487
1	603985306403498199028820371746557204207807582489713954437037502578275113659437934933376827664126053739900956642588383203470921625973268821084611640839668787104187279292954587895231256597914721980997004019301433410166512976132395162199553591000252664052980111869204437540514923440296519261756486151571840141704741
1	130669898019987591136042868887476318218035294288640038219551382769338365935936091692317102138873425087959341581329217519981689774849986043023113095373966804902348209462418059881179839167818088890119544138791175497391793672720950876437403421129862355203769735740933652352515247859679535417206932100099677172149417
1	365875714455965255180920032884933691010498824008192107014743871754147424620621056738487885988845590246286156427721809055948731369579960920464716667047107053726574986494770567667303549669890648892334723588615291392697022283618662454024729579163614594570555260074614226587042694007102699168179409880279097039665039
1	188745408251093187196506366170799126314939869528035610761574219555710973018574354666680258645039391793719048950808869751084663008116646506588941137762396495970058524779048308717259767686848350619061563756031697940677035305041373488187360497187578957516556284959126386731410913575092662269298901922366200122186103
1	464604081848844768483707978266582464775236601915164580336182694290980856661106103794905252049327733646077658955837217848823785866133283708526624339107437528541682522533041990688639428152242093831536156937924179546281933058563380893999656608461732818502292393745541875031165325723305014816735758578132186046454463
1	566236224753279561589519098512397378944819608584106832284722658667132919055723064000040775935118175381157146852426609253253989024349939519766823413287189487910175574337144926151779303060545051857184691268095093822031105915124120464562081491562736872549668854877379160194232740725277986807896705767098601210266319
1	545909796172392602968356874463234396110903007250318381895014665791902506576799671959013671157960087034141249273108730972367948392706608357518783598451239096036476963976324339059151328078884460252054984402060910966881271343811972550449596514942536061740193562651011703161619257724883392409664516329305316260061081
1	516872041056839804938125125821572992062450719630620595624003247398716203035480540471832092904877103681261395588368904856816461776073278125735869577257024250502621806318009214641111363819369329387583974593440649745238650527651761244574617976913677760583800288041915335972171424867176828983618531418172054778243917
1	554621122707058442377426399055732817325438693536227717776318091309858397639195411405168144633884982040005205378530678807033394377696607427053657804809503549696633511273818876384563317356738999511396287344646989333374057588660035942212090076351193552087111545033740613318453607582195361437478311802645295634716827
1	601081530891942919225797196882391063802962353727744175809936360738956483305306021784658669838817755404612971274114400591915772964309935797906320238720247302550801763527123075453427260171963208894549903038439407288002250894516374031612055737197366833937340784408294800821570140154525862919151887660458514978088691
1	194552959274203746802552715899131407124630327051975168015776503234348233726838180964116574295655988464295019687756834974194960331443312552945523942001239465076829556310711333600867760538751376791955765717755750185005559468273415749362356204793350617747834939880945660169300480146633974954508098904592853346443831
1	206168061320424866014645415355795968744011242099854282524181070591622755143365833558989205596889181805446961161652765420415554978096644645658689550478925403290371619374037383368083746242557429137744169641203854673662607794737500271712347620004893938210392249724584207045079613289716600324926492869046157003605633
1	464604081848844768483707978266582464775236601915164580336182694290980856661106103794905252049327733646077658955837217848823785866133283708526624339107437528541682522533041990688639428152242093831536156937924179546281933058563380893999656608461732818502292393745541875031165325723305014816735758578132186053322803
1	98728367392879513302787945381648773764737777906972473321438822536833432040485047056417366060482143399791502528115408792875054496553322788061907672060330474815107536038271423021335878482351444939201433349308888153584910774944718439974927029298118223931737133670927648444122631716202315648556348697853091476551039
1	426855000198626131044406705032422639512248628009557458183867850379838662057391232861569200320319855287333849165675443898606853264509954407208836111554958229347670817577232328945187474614872423707723844186717839958146525997555106196362184509024217026998981136753716597684883143008286482362875978193658944207628423
1	336837959340412457150688284243272286962046536388494320743732453360961121079301925251306307735762606893406302742981982940397244752946630688681802645852892208192719828836455443249263585410375518027863713779995030171054401467458451148149751041134756293414161985465517859397594861149396135742133424969145834569397673
1	52267959207995036454417147554990527287214117715456015287820553107735346374374436676926840855549370035183736632531687007992675909939994417209245238149586721960939283784967223952471935667127235556047817655516470198956717469088380350574961368451944942081507894296373460941006099143871814166882772840039873115889837
1	328126632805746617741618759650773865747510850102584984862429027843005230016906185805151834259837711887542346637560035105731798767956631619146928439494627754532563281538960905923851596132520978768522410837408951804561615222610387756387257479726098803067244003082788949240760511292084166714319629495805856133315007
1	438470102244847250256499404489087201131629543057436572692272417737113183473918885456441831621553048628485790639571374344827447911163286499922001720032644167561212880640558378712403460318678476053512248110165944446803574324019190718712175924235760347461538446597355144560662276151369107733294372158112249730010901
1	11615102046221119212092699456664561619380915047879114508404567357274521416527652594872631301233193341151941473895930446220594646653332092713165608477685938213542063063326049767215985703806052345788403923448104488657048326464084522349991415211543320462557309843638546875779133143082625370418393964453307050822857
1	444277653267957809862545754217419481941320000581376129946474701415750444182182711753878147272169645299061761376519339567937745234489952546278584524271487136667983912172221403596011453170581502226406450071889996691132098487251232979887171631841532007692817101519174417998551842722910420418503569140338901096816249
1	72594387788881995075579371604153510121130719049244465677528545982965758853297828717953945632707458382199634211849565288878716541583325579457285052985537113834637894145787811045099910648787827161177524521550653054106552040400528264687446345072145752890983186522740917973619582144266408565114962277833156143963381
1	444277653267957809862545754217419481941320000581376129946474701415750444182182711753878147272169645299061761376519339567937745234489952546278584524271487136667983912172221403596011453170581502226406450071889996691132098487251232979887171631841532007692817101519174417998551842722910420418503569140338903014724979
1	371683265479075814786966382613265971820189281532131664268946155432784685328884883035924201639462186916862127164669774279059028692906626966821299471285950022833346018026433592550911542521793675065228925550339343637025546446850704715199725286769386254801833914996433500024932260578644011853388606862505749328250189
1	380394592013741654196035907205764393034724967818041000150249580950740576391280622482078675115387081922726083270091722113724474677896626036356173677644214476493502565323928129876323531799648214324570228492925422003518332691698768106962218848178043745148751897379162410181766610435955980881202402335845725854294439
1	493641836964397566513939726908243868823688889534862366607194112684167160202425235282086830302410716998957512640577043964375272482766613940309538360301652374075537680191357115106679392411757224696007166746544440767924553874723592199874635146490591119658685668354638242220613158581011578242781743489265445605366851
1	107439693927545352711857469974147194979273464192881809202742248054789323102880786502571839536407038405655458633537356627540500481543321857596781878418594928475264083335765960346747867760205984198542736291894966520077697019792781831737420590706775714278655116053656558600956981573514284676370144171193069914003649
1	496545612475952846316962901772410009228534118296832145234295254523485790556557148430804988127719015334245498009051026575930421144429946963487829762421073858628923195957188627548483388837708737782454267727406466890088815956339613330462133000293476949774324995815547878939557941866782234585386341980378772677191391
