sieve choosen 193
number of total trys 3086
3.240440699935191% Erfolgsquote 
1	795849505566763926561661006181140614410937610887284232848815904381658255389369
1	22880673285044462888647753927707792664314456313009421694403457250972605815349321
1	38996625772771432401521389302875890106135942933476927409591979314701127728093969
1	22482748532261080925366923424617222357108987507565779577979049298781774507733361
1	36410114879679449640195991032787183109300395698093253652833327625460750816181861
1	30242281211537029209343118234883343347615629213716800848255004366502919559607759
1	32231904975453939025747270750336194883642973240935011430377044127457058602831781
1	39394550525554814364802219805966460413341411738920569526016387266891955554150227
1	6167833668142420430852872797903839761684766484376452804578323258957837328594383
1	35216340621329303750353499523515472187683989281762327303560103768888264628921957
1	40588324783904960254644711315238171334957818155251495875289611123464442942920889
1	37603889138029595530038482542058894030916802114424180002106551482033231673247633
1	25467184178136445649973152197796499661150003548393095451162108940212983164873127
1	40588324783904960254644711315238171334957818155251495875289611123464443177452889
1	2984435645875364724606228773179277304041016040827315873183059641431213459561883
1	41583136665863415162846787572964597102971490168860601166350631003941511886345799
1	34022566362979157860511008014243761266067582865431400954286879912315783402120051
1	6565758420925802394133703300994410068890235289820094921002731211148660522805047
1	24472372296177990741771075940070073893136331534783990160101089059735915204827471
1	38001813890812977493319313045149464338122270919867822118530959434224058832887793
1	12534629712676531843346160847352964676972267371474726667368850494011081547651617
1	38001813890812977493319313045149464338122270919867822118530959434224059531470313
1	28053695071228428411298550467885206657985550783776769207920760629453363967173471
1	1790661387525218834763737263907566382424609624496389523909835784858726452972293
1	17707651498860497365996957387530378670643361842242074180886153872491841283199909
1	6366796044534111412493288049449124915287500887098273862790527235053248819337103
1	32032942599062248044106855498790909730040238838213190372164840151361639793235567
1	24074447543394608778490245436979503585930862729340348043676681107545087979322593
1	16911801993293733439435296381349238056232424231354789948037337968110187197719909
1	16115952487726969512873635375168097441821486620467505715188522063728528223355963
1	9351231690409476137099516822628402219328516927925589735973586876484457040967193
1	1392736634741836871482906760816996075219140819052747407485427832667898524639337
1	21686899026694316998805262418436081742698049896678495345130233394400122295270159
1	16911801993293733439435296381349238056232424231354789948037337968110186539738059
1	28849544576795192337860211474066347272396488394664053440769576533835023208595503
1	27456807942053355466377304713249351197177347575611306033284148701167120580543159
1	26660958436486591539815643707068210582766409964724021800435332796785466720089811
1	19697275262777407182401109902983230206670705869460284763008193633445980906433189
1	19498312886385716200760694651437945053067971466738463704795989657350567373305763
1	22482748532261080925366923424617222357108987507565779577979049298781774968713859
1	13927366347418368714829067608169960752191408190527474074854278326678976440444143
1	30640205964320411172623948737973913654821098019160442964679412318693748268575909
1	5968871291750729449212457546358554608082032081654631746366119282862421893074497
1	9749156443192858100380347325718972526533985733369231852397994828675286798074029
1	30640205964320411172623948737973913654821098019160442964679412318693746368294489
1	26263033683703209576534813203977640275560941159280379684010924844594638972926193
1	21487936650302626017164847166890796589095315493956674286918029418304707755711233
1	4576134657008892577729550785541558532862891262601884338880691450194522640591619
1	20095200015560789145681940406073800513876174674903926879432601585636810957663481
1	26859920812878282521456058958613495736369144367445842858647536772880879921009723
1	39991437654729887309723465560602315874149614947086032700652999195178198013576839
1	994811881958454908202076257726425768013672013609105291061019880477069738290889
1	21686899026694316998805262418436081742698049896678495345130233394400116794056079
1	33425679233804084915589762259607905805259379657265937779650267984029541789605739
1	39195588149163123383161804554421175259738677336198748467804183290796541991182043
1	31833980222670557062466440247245624576437504435491369313952636175266230488543057
1	22681710908652771907007338676162507510711721910287600636191253274877190323845511
1	38001813890812977493319313045149464338122270919867822118530959434224061732803791
1	40588324783904960254644711315238171334957818155251495875289611123464443178576011
1	22681710908652771907007338676162507510711721910287600636191253274877188580302781
1	15320102982160205586311974368986956827410549009580221482339706159346875323434613
1	795849505566763926561661006181140614410937610887284232848815904381657114689483
1	4377172280617201596089135533996273379260156859880063280668487474099112018862151
1	1591699011133527853123322012362281228821875221774568465697631808763316467819417
1	18702463380818952274199033645256804438657033855851179471947173752968911744073571
1	7361607926492566320695364307175550683301172900707379153851547115530315227168587
1	22482748532261080925366923424617222357108987507565779577979049298781777880416263
1	34619453492154230805432253768879616726875786073596864128923491840602021585588847
1	27257845565661664484736889461704066043574613172889484975071944725071708246483051
1	16911801993293733439435296381349238056232424231354789948037337968110186542211523
1	30839168340712102154264363989519198808423832421882264022891616294789157060806421
1	19697275262777407182401109902983230206670705869460284763008193633445978293310637
1	596887129175072944921245754635855460808203208165463174636611928286243329466031
1	31833980222670557062466440247245624576437504435491369313952636175266231725466633
1	5173021786183965522650796540177413993671094470767347513517303378480766243774049
1	9948118819584549082020762577264257680136720136091052910610198804770698309619001
1	11539817830718076935144084589626538908958595357865621376307830613534007959839443
1	2785473269483673742965813521633992150438281638105494814970855665335798432970597
1	24472372296177990741771075940070073893136331534783990160101089059735915576028101
1	4178209904225510614448720282450988225657422457158242222456283498003694694205087
1	2586510893091982761325398270088706996835547235383673756758651689240382432599649
1	21487936650302626017164847166890796589095315493956674286918029418304707161024641
1	14922178229376823623031143865896386520205080204136579365915298207156045209379253
1	26064071307311518594894397952432355121958206756558558625798720868499227101049153
1	33027754481020702952308931756517335498053910851822295663225860031838711149855447
1	27655770318445046448017719964794636350780081978333127091496352677262535038953191
1	1989623763916909816404152515452851536027344027218210582122039760954141562436103
1	39195588149163123383161804554421175259738677336198748467804183290796543162313497
1	25268221801744754668332736946251214507547269145671274392949904964117567788833887
1	19697275262777407182401109902983230206670705869460284763008193633445978615843063
1	29844356458753647246062287731792773040410160408273158731830596414312091378667093
1	3183398022267055706246644024724562457643750443549136931395263617526625186079427
1	2586510893091982761325398270088706996835547235383673756758651689240383291665279
1	18702463380818952274199033645256804438657033855851179471947173752968908746332337
1	37802851514421286511678897793604179184519536517146001060318755458128646765712337
1	33823603986587466878870592762698476112464848462709579896074675936220367373844601
1	2188586140308600798044567766998136689630078429940031640334243737049559112646761
1	31436055469887175099185609744155054269232035630047727197528228223075403027403553
1	19896237639169098164041525154528515360273440272182105821220397609541395743565597
1	14325291100201750678109898111260531059396876995971116191278686278869804056196459
