sieve choosen 193
number of total trys 2452
4.078303425774878% Erfolgsquote 
1	13330479218243295769907821853534105291383204982362010900217666398392733268149761
1	16115952487726969512873635375168097441821486620467505715188522063728530440424009
1	9152269314017785155459101571083117065725782525203768677761382900389041477757309
1	39195588149163123383161804554421175259738677336198748467804183290796543163925931
1	11340855454326385953503669338081253755355860955143800318095626637438594737410871
1	10346043572367931045301593080354827987342188941534695027034606756961523883629681
1	27854732694836737429658135216339921504382816381054948149708556653357953654505209
1	9351231690409476137099516822628402219328516927925589735973586876484457552598041
1	11539817830718076935144084589626538908958595357865621376307830613534007742963527
1	26461996060094900558175228455522925429163675562002200742223128820690052676826123
1	1392736634741836871482906760816996075219140819052747407485427832667901578506129
1	28849544576795192337860211474066347272396488394664053440769576533835019811015683
1	24074447543394608778490245436979503585930862729340348043676681107545085672944509
1	35415302997720994731993914775060757341286723684484148361772307744983677921862881
1	33425679233804084915589762259607905805259379657265937779650267984029541110449653
1	795849505566763926561661006181140614410937610887284232848815904381659327121593
1	20891049521127553072243601412254941128287112285791211112281417490018465697511199
1	26859920812878282521456058958613495736369144367445842858647536772880879078529873
1	40588324783904960254644711315238171334957818155251495875289611123464443748896389
1	12335667336284840861705745595807679523369532968752905609156646517915668489682919
1	16115952487726969512873635375168097441821486620467505715188522063728529824144683
1	3979247527833819632808305030905703072054688054436421164244079521908284384083981
1	29048506953186883319500626725611632425999222797385874498981780509930434702933889
1	9749156443192858100380347325718972526533985733369231852397994828675287654395273
1	3382360398658746687887059276269847611246484846270957989607467593622038313397613
1	20095200015560789145681940406073800513876174674903926879432601585636809768890659
1	29446431705970265282781457228702202733204691602829516615406188462121263922439113
1	10346043572367931045301593080354827987342188941534695027034606756961528767765589
1	1392736634741836871482906760816996075219140819052747407485427832667903473690147
1	5769908915359038467572042294813269454479297678932810688153915306767007546377557
1	26461996060094900558175228455522925429163675562002200742223128820690053869443719
1	26263033683703209576534813203977640275560941159280379684010924844594640335615521
1	21090011897519244053884016663800226281889846688513032170493621466113876513997739
1	36012190126896067676915160529696612802094926892649611536408919673269923002150621
1	22681710908652771907007338676162507510711721910287600636191253274877186347442549
1	198962376391690981640415251545285153602734402721821058212203976095420011634603
1	28849544576795192337860211474066347272396488394664053440769576533835017569767943
1	10147081195976240063661177828809542833739454538812873968822402780866112142584093
1	30043318835145338227702702983338058194012894810994979790042800390407502952488387
1	22681710908652771907007338676162507510711721910287600636191253274877187640379147
1	24472372296177990741771075940070073893136331534783990160101089059735912596904497
1	27456807942053355466377304713249351197177347575611306033284148701167125830333391
1	13728403971026677733188652356624675598588673787805653016642074350583564644535081
1	33823603986587466878870592762698476112464848462709579896074675936220366637568023
1	3183398022267055706246644024724562457643750443549136931395263617526625027291849
1	1790661387525218834763737263907566382424609624496389523909835784858727657175561
1	11141893077934694971863254086535968601753126552421979259883422661343180244398529
1	10147081195976240063661177828809542833739454538812873968822402780866115534704107
1	35614265374112685713634330026606042494889458087205969419984511721079095177323813
1	35813227750504376695274745278151327648492192489927790478196715697174505899498479
1	26859920812878282521456058958613495736369144367445842858647536772880882621207427
1	2785473269483673742965813521633992150438281638105494814970855665335796665655447
1	40588324783904960254644711315238171334957818155251495875289611123464441439378171
1	38200776267204668474959728296694749491725005322589643176743163410319472085213559
1	8555382184842712210537855816447261604917579317038305503124770972102803343212387
1	27456807942053355466377304713249351197177347575611306033284148701167120199118743
1	11141893077934694971863254086535968601753126552421979259883422661343183198519597
1	18901425757210643255839448896802089592259768258573000530159377729064323420810793
1	7162645550100875339054949055630265529698438497985558095639343139434903352337739
1	6167833668142420430852872797903839761684766484376452804578323258957836379612061
1	23875485167002917796849830185434218432328128326618526985464477131449674454787273
1	23875485167002917796849830185434218432328128326618526985464477131449671259755073
1	37205964385246213566757652038968323723711333308980537885682143529842405552063559
1	13330479218243295769907821853534105291383204982362010900217666398392734620277529
1	23875485167002917796849830185434218432328128326618526985464477131449669802336539
1	18901425757210643255839448896802089592259768258573000530159377729064322764148857
1	30242281211537029209343118234883343347615629213716800848255004366502918089511037
1	30640205964320411172623948737973913654821098019160442964679412318693744839083633
1	20294162391952480127322355657619085667478909077625747937644805561732223696277419
1	1193774258350145889842491509271710921616406416330926349273223856572487976696459
1	19299350509994025219120279399892659899465237064016642646583785681255149518141227
1	41384174289471724181206372321419311949368755766138780108138427027846095314352837
1	19697275262777407182401109902983230206670705869460284763008193633445981292047733
1	16911801993293733439435296381349238056232424231354789948037337968110187193107607
1	30043318835145338227702702983338058194012894810994979790042800390407505583786573
1	9948118819584549082020762577264257680136720136091052910610198804770699286990327
1	3382360398658746687887059276269847611246484846270957989607467593622037405349497
1	795849505566763926561661006181140614410937610887284232848815904381659912920751
1	12534629712676531843346160847352964676972267371474726667368850494011080125625591
1	20891049521127553072243601412254941128287112285791211112281417490018463314203143
1	1989623763916909816404152515452851536027344027218210582122039760954140944709079
1	9749156443192858100380347325718972526533985733369231852397994828675282548719393
1	41583136665863415162846787572964597102971490168860601166350631003941513481781053
1	39195588149163123383161804554421175259738677336198748467804183290796546371532441
1	33226716857412393933949347008062620651656645254544116721438064007934123251766111
1	795849505566763926561661006181140614410937610887284232848815904381657113638277
1	40787287160296651236285126566783456488560552557973316933501815099559857658041121
1	21885861403086007980445677669981366896300784299400316403342437370495532082721401
1	20294162391952480127322355657619085667478909077625747937644805561732220138333031
1	5371984162575656504291211791722699147273828873489168571729507354576179793165183
1	1790661387525218834763737263907566382424609624496389523909835784858729706850681
1	18304538628035570310918203142166234131451565050407537355522765800778084925008133
1	37603889138029595530038482542058894030916802114424180002106551482033234285325879
1	11340855454326385953503669338081253755355860955143800318095626637438593833717209
1	9749156443192858100380347325718972526533985733369231852397994828675285892042847
1	20692087144735862090603186160709655974684377883069390054069213513923050845602043
1	32828792104629011970668516504972050344451176449100474605013656055743297700924403
1	14922178229376823623031143865896386520205080204136579365915298207156044762097471
1	25268221801744754668332736946251214507547269145671274392949904964117572677087383
1	10545005948759622026942008331900113140944923344256516085246810733056940506546099
