sieve choosen 193
number of total trys 3059
3.2690421706440014% Erfolgsquote 
1	16115952487726969512873635375168097441821486620467505715188522063728532929499579
1	21885861403086007980445677669981366896300784299400316403342437370495534432603567
1	35813227750504376695274745278151327648492192489927790478196715697174510080414427
1	27058883189269973503096474210158780889971878770167663916859740748976296041053523
1	36211152503287758658555575781241897955697661295371432594621123649365337765608603
1	18901425757210643255839448896802089592259768258573000530159377729064327490854779
1	34818415868545921787072669020424901880478520476318685187135695816697437416174527
1	10743968325151313008582423583445398294547657746978337143459014709152354853467159
1	4974059409792274541010381288632128840068360068045526455305099402385352563268941
1	39593512901946505346442635057511745566944146141642390584228591242987372348876587
1	38001813890812977493319313045149464338122270919867822118530959434224058519051763
1	8555382184842712210537855816447261604917579317038305503124770972102798690398507
1	6963683173709184357414533804084980376095704095263737037427139163339492284393191
1	24472372296177990741771075940070073893136331534783990160101089059735915269128449
1	31436055469887175099185609744155054269232035630047727197528228223075402073298241
1	3979247527833819632808305030905703072054688054436421164244079521908278753352279
1	5371984162575656504291211791722699147273828873489168571729507354576176122000991
1	27456807942053355466377304713249351197177347575611306033284148701167125644888189
1	24870297048961372705051906443160644200341800340227632276525497011926740732743481
1	35813227750504376695274745278151327648492192489927790478196715697174508046389533
1	38200776267204668474959728296694749491725005322589643176743163410319472296601533
1	23875485167002917796849830185434218432328128326618526985464477131449671885047947
1	2586510893091982761325398270088706996835547235383673756758651689240384986659463
1	41782099042255106144487202824509882256574224571582422224562834980036926373258797
1	29645394082361956264421872480247487886807426005551337673618392438216675742715881
1	24472372296177990741771075940070073893136331534783990160101089059735915795168411
1	38001813890812977493319313045149464338122270919867822118530959434224058834936967
1	27854732694836737429658135216339921504382816381054948149708556653357952173566397
1	11937742583501458898424915092717109216164064163309263492732238565724840672875761
1	23278598037827844851928584430798362971519925118453063810827865203163432623624257
1	2387548516700291779684983018543421843232812832661852698546447713144971072909929
1	34420491115762539823791838517334331573273051670875043070711287864506610291389201
1	20095200015560789145681940406073800513876174674903926879432601585636805503699577
1	37802851514421286511678897793604179184519536517146001060318755458128645787875517
1	7162645550100875339054949055630265529698438497985558095639343139434905054081027
1	27058883189269973503096474210158780889971878770167663916859740748976297023236421
1	41583136665863415162846787572964597102971490168860601166350631003941508902770863
1	21090011897519244053884016663800226281889846688513032170493621466113877296617007
1	1193774258350145889842491509271710921616406416330926349273223856572488648125007
1	13927366347418368714829067608169960752191408190527474074854278326678977946340131
1	13728403971026677733188652356624675598588673787805653016642074350583561749968993
1	27854732694836737429658135216339921504382816381054948149708556653357950181055311
1	1392736634741836871482906760816996075219140819052747407485427832667897915810701
1	39593512901946505346442635057511745566944146141642390584228591242987371277442959
1	25069259425353063686692321694705929353944534742949453334737700988022154574029137
1	1193774258350145889842491509271710921616406416330926349273223856572485454796607
1	23278598037827844851928584430798362971519925118453063810827865203163431220620513
1	14922178229376823623031143865896386520205080204136579365915298207156043832234647
1	38598701019988050438240558799785319798930474128033285293167571362510301110856977
1	15718027734943587549592804872077527134616017815023863598764114111537703142486587
1	10545005948759622026942008331900113140944923344256516085246810733056942343387473
1	33823603986587466878870592762698476112464848462709579896074675936220368037172787
1	18901425757210643255839448896802089592259768258573000530159377729064324115071123
1	23079635661436153870288169179253077817917190715731242752615661227068019045742241
1	26859920812878282521456058958613495736369144367445842858647536772880881684525997
1	23278598037827844851928584430798362971519925118453063810827865203163430240982239
1	21487936650302626017164847166890796589095315493956674286918029418304706549558361
1	23278598037827844851928584430798362971519925118453063810827865203163432717375553
1	29048506953186883319500626725611632425999222797385874498981780509930432537735681
1	22084823779477698962086092921526652049903518702122137461554641346590948871418219
1	22681710908652771907007338676162507510711721910287600636191253274877189565936949
1	17906613875252188347637372639075663824246096244963895239098357848587254406489853
1	13927366347418368714829067608169960752191408190527474074854278326678976806668157
1	4775097033400583559369966037086843686465625665323705397092895426289938938064459
1	19299350509994025219120279399892659899465237064016642646583785681255150924498327
1	1193774258350145889842491509271710921616406416330926349273223856572488554631409
1	41384174289471724181206372321419311949368755766138780108138427027846093934161761
1	33226716857412393933949347008062620651656645254544116721438064007934127270599981
1	9948118819584549082020762577264257680136720136091052910610198804770699208762459
1	3382360398658746687887059276269847611246484846270957989607467593622040999767577
1	8754344561234403192178271067992546758520313719760126561336974948198214674666797
1	12335667336284840861705745595807679523369532968752905609156646517915664453293943
1	36211152503287758658555575781241897955697661295371432594621123649365337716707003
1	4377172280617201596089135533996273379260156859880063280668487474099108030608509
1	16115952487726969512873635375168097441821486620467505715188522063728530435991787
1	39991437654729887309723465560602315874149614947086032700652999195178198803970143
1	5769908915359038467572042294813269454479297678932810688153915306767007089293439
1	29048506953186883319500626725611632425999222797385874498981780509930434191483157
1	29247469329578574301141041977156917579601957200107695557193984486025846769884181
1	39792475278338196328083050309057030720546880544364211642440795219082784693302661
1	28252657447620119392938965719430491811588285186498590266132964605548775837475631
1	40588324783904960254644711315238171334957818155251495875289611123464443741947667
1	2586510893091982761325398270088706996835547235383673756758651689240385997142467
1	36410114879679449640195991032787183109300395698093253652833327625460750325415671
1	35813227750504376695274745278151327648492192489927790478196715697174508590573543
1	35614265374112685713634330026606042494889458087205969419984511721079096165788499
1	31635017846278866080826024995700339422834770032769548255740432199170813251299053
1	10942930701543003990222838834990683448150392149700158201671218685247768760784147
1	16115952487726969512873635375168097441821486620467505715188522063728529533329221
1	1193774258350145889842491509271710921616406416330926349273223856572488548626153
1	38797663396379741419880974051330604952533208530755106351379775338605717248437973
1	27058883189269973503096474210158780889971878770167663916859740748976295080323809
1	26064071307311518594894397952432355121958206756558558625798720868499224902347347
1	37205964385246213566757652038968323723711333308980537885682143529842402746688217
1	11738780207109767916784499841171824062561329760587442434520034589629424484283611
1	7759532679275948283976194810266120990506641706151021270275955067721146786414679
1	18105576251643879329277787890620948977848830647685716297310561824682666047553123
1	23477560414219535833568999682343648125122659521174884869040069179258847437235741
1	14922178229376823623031143865896386520205080204136579365915298207156048104944723
1	29844356458753647246062287731792773040410160408273158731830596414312087120212993
