sieve choosen 193
number of total trys 2726
3.668378576669112% Erfolgsquote 
1	41384174289471724181206372321419311949368755766138780108138427027846098486135009
1	19896237639169098164041525154528515360273440272182105821220397609541394741249813
1	1591699011133527853123322012362281228821875221774568465697631808763314532795807
1	26660958436486591539815643707068210582766409964724021800435332796785467088629737
1	39792475278338196328083050309057030720546880544364211642440795219082786253818883
1	5173021786183965522650796540177413993671094470767347513517303378480764171530829
1	10743968325151313008582423583445398294547657746978337143459014709152355861780647
1	32032942599062248044106855498790909730040238838213190372164840151361641515646243
1	5570946538967347485931627043267984300876563276210989629941711330671594654416237
1	30242281211537029209343118234883343347615629213716800848255004366502918557524773
1	28053695071228428411298550467885206657985550783776769207920760629453361930725739
1	40190400031121578291363880812147601027752349349807853758865203171273615925115519
1	19299350509994025219120279399892659899465237064016642646583785681255153458428383
1	41384174289471724181206372321419311949368755766138780108138427027846097158802177
1	37802851514421286511678897793604179184519536517146001060318755458128644267910327
1	31635017846278866080826024995700339422834770032769548255740432199170814395558887
1	30640205964320411172623948737973913654821098019160442964679412318693744224780521
1	994811881958454908202076257726425768013672013609105291061019880477074067538029
1	41583136665863415162846787572964597102971490168860601166350631003941512000963127
1	26859920812878282521456058958613495736369144367445842858647536772880880506334473
1	18702463380818952274199033645256804438657033855851179471947173752968912169577447
1	22283786155869389943726508173071937203506253104843958519766845322686361058638101
1	1790661387525218834763737263907566382424609624496389523909835784858727033353857
1	13728403971026677733188652356624675598588673787805653016642074350583564037460877
1	37404926761637904548398067290513608877314067711702358943894347505937817026512769
1	31237093093495484117545194492609769115629301227325906139316024246979987203912121
1	28650582200403501356219796222521062118793753991942232382557372557739604275071909
1	4377172280617201596089135533996273379260156859880063280668487474099111445041961
1	41384174289471724181206372321419311949368755766138780108138427027846098552706251
1	28252657447620119392938965719430491811588285186498590266132964605548780120046733
1	27655770318445046448017719964794636350780081978333127091496352677262538139277583
1	23278598037827844851928584430798362971519925118453063810827865203163429531820883
1	26461996060094900558175228455522925429163675562002200742223128820690055520499821
1	35415302997720994731993914775060757341286723684484148361772307744983676272002427
1	27854732694836737429658135216339921504382816381054948149708556653357948014861979
1	24472372296177990741771075940070073893136331534783990160101089059735912992259527
1	2387548516700291779684983018543421843232812832661852698546447713144971072518383
1	795849505566763926561661006181140614410937610887284232848815904381659319870671
1	12733592089068222824986576098898249830575001774196547725581054470106495068624971
1	28849544576795192337860211474066347272396488394664053440769576533835019608768363
1	17508689122468806384356542135985093517040627439520253122673949896396425736636909
1	32231904975453939025747270750336194883642973240935011430377044127457057273188007
1	21885861403086007980445677669981366896300784299400316403342437370495532946483709
1	24870297048961372705051906443160644200341800340227632276525497011926741279781379
1	23676522790611226815209414933888933278725393923896705927252273155354256952754283
1	12733592089068222824986576098898249830575001774196547725581054470106494036764643
1	8754344561234403192178271067992546758520313719760126561336974948198216866049183
1	27257845565661664484736889461704066043574613172889484975071944725071707214256999
1	31436055469887175099185609744155054269232035630047727197528228223075399473574667
1	15519065358551896567952389620532241981013283412302042540551910135442286865545847
1	9351231690409476137099516822628402219328516927925589735973586876484459838149293
1	24472372296177990741771075940070073893136331534783990160101089059735916992683373
1	2188586140308600798044567766998136689630078429940031640334243737049555476257639
1	27058883189269973503096474210158780889971878770167663916859740748976296637019693
1	11141893077934694971863254086535968601753126552421979259883422661343184981035579
1	14922178229376823623031143865896386520205080204136579365915298207156047050955893
1	11141893077934694971863254086535968601753126552421979259883422661343182232077569
1	36211152503287758658555575781241897955697661295371432594621123649365336911564207
1	37007002008854522585117236787423038570108598906258716827469939553746992451619203
1	11539817830718076935144084589626538908958595357865621376307830613534010496357197
1	25467184178136445649973152197796499661150003548393095451162108940212983132946611
1	34420491115762539823791838517334331573273051670875043070711287864506609777866959
1	36609077256071140621836406284332468262903130100815074711045531601556164698116399
1	31635017846278866080826024995700339422834770032769548255740432199170814396721867
1	27854732694836737429658135216339921504382816381054948149708556653357951684416009
1	40190400031121578291363880812147601027752349349807853758865203171273614453753443
1	10743968325151313008582423583445398294547657746978337143459014709152355863611977
1	8157457432059330247257025313356691297712110511594663386700363019911974014817111
1	3382360398658746687887059276269847611246484846270957989607467593622038081465501
1	40588324783904960254644711315238171334957818155251495875289611123464438908715217
1	38001813890812977493319313045149464338122270919867822118530959434224059616277183
1	14524253476593441659750313362805816212999611398692937249490890254965220273008369
1	33624641610195775897230177511153190958862114059987758837862471960124953668295317
1	18702463380818952274199033645256804438657033855851179471947173752968912109266413
1	15320102982160205586311974368986956827410549009580221482339706159346873688668287
1	30839168340712102154264363989519198808423832421882264022891616294789156678890789
1	29844356458753647246062287731792773040410160408273158731830596414312091160404833
1	16314914864118660494514050626713382595424221023189326773400726039823944350700427
1	40190400031121578291363880812147601027752349349807853758865203171273615924073519
1	41583136665863415162846787572964597102971490168860601166350631003941508910572107
1	27456807942053355466377304713249351197177347575611306033284148701167122433856841
1	5968871291750729449212457546358554608082032081654631746366119282862419916572197
1	40389362407513269273004296063692886181355083752529674817077407147369026626215081
1	32430867351845630007387686001881480037245707643656832488589248103552473409920847
1	35415302997720994731993914775060757341286723684484148361772307744983677920987421
1	397924752783381963280830503090570307205468805443642116424407952190828005821479
1	26859920812878282521456058958613495736369144367445842858647536772880882195661191
1	37205964385246213566757652038968323723711333308980537885682143529842402203216411
1	35415302997720994731993914775060757341286723684484148361772307744983681240523323
1	39991437654729887309723465560602315874149614947086032700652999195178197495840921
1	18304538628035570310918203142166234131451565050407537355522765800778081613251381
1	21487936650302626017164847166890796589095315493956674286918029418304706610008091
1	1790661387525218834763737263907566382424609624496389523909835784858726794411537
1	18702463380818952274199033645256804438657033855851179471947173752968910837399939
1	18503501004427261292558618393711519285054299453129358413734969776873493874518889
1	3979247527833819632808305030905703072054688054436421164244079521908279680276133
1	34619453492154230805432253768879616726875786073596864128923491840602021905741951
1	12534629712676531843346160847352964676972267371474726667368850494011077832063407
1	34420491115762539823791838517334331573273051670875043070711287864506612564988711
1	37205964385246213566757652038968323723711333308980537885682143529842406071956039
